100 98
142881 21339 912471
21339 157962 936251
912471 936251 346956
1 1 2 1 0 2 0 0 1 0 1 1 1 1 0 2 0 0 2 1 2 1 2 1 1 2 0 2 2 2 2 2 0 1 1 1 2 1 0 2 0 1 2 0 1 1 1 1 1 2 0 0 1 2 0 2 0 1 0 1 2 2 0 1 1 2 1 1 2 1 1 0 1 1 2 0 2 2 1 1 1 0 2 0 1 0 1 2 1 0 0 1 1 1 1 2 2 0 
1 2 1 0 2 1 2 0 2 2 2 1 0 0 0 0 1 1 1 2 2 0 2 1 0 1 2 0 2 1 1 0 1 0 1 2 1 1 2 0 0 0 1 1 0 2 0 1 2 1 1 1 1 2 0 1 1 1 1 1 2 2 1 1 0 2 1 1 0 2 1 1 2 2 1 2 1 1 0 2 1 2 2 0 1 1 2 2 2 0 0 2 1 1 2 1 1 2 
1 0 1 2 2 1 1 2 1 0 2 0 2 2 0 2 0 0 0 2 1 0 0 1 1 2 2 1 0 2 0 1 0 1 0 2 0 2 0 2 2 1 2 2 2 1 0 2 0 0 2 2 1 1 0 0 1 1 0 0 2 2 1 2 0 2 2 1 2 2 2 2 0 0 0 2 2 1 1 1 0 1 0 2 2 1 2 1 0 2 1 2 0 0 0 1 0 0 
2 2 1 1 0 1 1 1 1 0 2 1 1 0 2 1 2 2 0 0 1 0 1 1 0 0 2 2 0 2 2 0 1 1 0 2 1 1 1 1 1 2 0 1 0 0 2 0 1 1 2 0 2 0 1 1 0 0 2 2 2 1 2 1 1 1 1 1 0 2 0 1 2 0 1 0 1 2 0 0 0 1 0 2 2 0 1 1 0 1 0 1 1 0 2 2 1 1 
1 2 2 1 1 2 2 0 0 0 0 2 2 1 1 0 0 1 0 1 2 2 2 1 0 2 0 2 2 0 2 2 0 0 2 2 1 1 1 0 2 2 0 1 2 0 0 1 2 0 2 0 1 2 2 2 1 2 2 0 2 1 2 1 2 0 1 0 2 1 0 1 1 2 0 2 2 1 2 1 0 1 1 1 2 1 2 1 1 0 2 2 1 1 2 2 1 2 
0 1 1 2 1 2 0 1 1 1 1 0 1 1 1 0 2 0 0 0 2 2 1 1 1 1 0 1 0 0 2 0 2 2 1 0 2 1 2 0 1 0 2 0 1 2 1 1 2 1 2 1 1 0 0 0 0 0 2 1 0 0 0 0 1 1 2 0 2 1 1 2 1 1 2 1 1 1 1 1 0 1 0 2 1 1 1 0 0 1 0 2 1 1 1 0 1 1 
2 1 0 2 0 0 2 0 1 1 0 1 0 1 2 1 0 1 2 1 1 1 1 1 2 0 2 0 1 1 2 2 2 2 1 0 0 2 0 1 0 0 0 2 1 0 1 0 0 2 0 2 1 0 1 2 0 0 1 0 0 1 0 1 0 0 2 1 1 2 1 1 2 0 2 2 0 0 2 1 0 2 2 0 2 1 1 0 0 2 2 2 2 1 2 2 1 1 
0 1 0 1 2 2 2 2 0 1 0 0 1 1 0 2 0 0 0 2 2 2 2 1 0 0 0 2 2 0 1 1 0 2 2 1 2 0 0 2 0 1 1 1 0 0 0 0 2 0 0 1 2 1 0 1 0 1 0 0 1 0 1 2 1 2 0 1 1 0 2 2 0 1 0 0 2 1 1 2 1 0 2 2 0 2 2 0 1 2 0 2 1 2 0 2 2 0 
0 0 0 2 2 0 0 2 2 0 0 1 0 2 1 1 0 1 0 0 2 0 0 1 2 1 1 0 1 1 0 1 1 2 0 2 2 0 2 0 0 0 0 1 2 1 2 0 0 2 2 0 1 0 1 2 1 2 0 2 1 0 1 0 2 1 0 0 1 1 0 1 1 0 2 2 2 0 2 0 0 1 1 2 0 0 1 1 1 1 2 0 0 1 2 0 1 0 
1 2 2 2 1 0 2 2 1 1 1 0 1 2 2 0 0 0 1 2 0 1 0 2 2 2 0 2 1 2 1 0 1 2 0 0 1 0 0 2 2 1 2 0 0 1 2 1 0 0 0 2 1 0 1 0 0 2 2 0 0 0 0 2 2 0 2 2 1 1 1 0 0 0 1 0 0 1 1 0 0 0 2 2 2 2 1 0 2 1 2 2 2 0 0 2 1 1 
0 1 0 2 0 0 1 0 1 2 2 0 0 1 2 0 2 2 1 0 2 2 0 1 2 0 0 1 2 0 2 2 2 0 2 0 2 1 2 2 1 2 2 0 2 0 1 0 2 0 2 2 1 1 2 1 2 2 0 1 2 2 0 2 1 2 0 1 0 2 0 0 0 1 0 0 1 0 2 0 1 2 2 2 1 2 2 2 1 0 2 2 0 2 2 2 0 2 
0 2 0 1 1 0 1 2 0 0 2 2 0 0 0 0 2 1 2 0 0 2 0 2 0 1 1 0 1 0 0 0 2 0 2 1 2 2 0 0 1 2 0 1 1 0 2 0 1 2 0 0 1 1 2 2 2 0 1 0 1 2 2 1 0 2 0 0 0 0 1 0 1 1 2 1 1 1 0 2 0 0 1 1 0 0 2 0 0 2 0 0 0 2 1 0 0 1 
2 1 0 0 0 0 2 0 1 0 2 1 0 0 2 2 2 0 2 2 1 0 1 0 2 2 0 1 0 2 1 2 1 2 1 2 1 0 2 1 1 0 0 2 0 1 0 2 1 2 0 0 2 0 2 2 2 0 0 2 1 1 1 0 1 1 2 1 0 1 2 0 1 0 2 0 2 2 1 0 0 1 1 0 2 2 2 2 1 2 0 2 2 0 2 1 1 0 
2 1 2 2 0 2 2 1 0 1 0 1 2 0 1 2 1 1 1 2 0 1 0 1 2 1 0 2 1 0 2 2 0 2 0 0 2 1 0 0 2 1 2 0 2 0 0 0 2 2 1 0 0 2 2 2 0 1 1 0 1 0 1 0 0 1 2 2 2 0 1 1 1 2 2 0 2 0 1 0 0 1 0 2 1 0 2 2 0 1 1 0 1 2 2 1 2 2 
2 0 2 0 2 1 0 1 2 0 0 1 2 1 0 0 0 1 1 0 0 1 2 0 1 2 0 2 1 2 1 0 2 0 1 2 2 1 2 1 0 1 2 0 1 1 0 0 2 2 1 1 1 0 2 0 1 1 1 1 1 0 1 2 2 2 1 2 2 0 2 2 2 1 0 1 0 0 2 2 0 2 1 1 2 0 0 0 1 2 2 1 2 2 0 0 0 1 
2 0 2 1 1 2 0 2 0 0 0 2 1 1 2 1 0 1 0 1 0 0 2 0 2 0 0 0 2 1 1 2 1 2 2 1 0 0 2 0 2 0 1 2 2 2 2 2 0 0 2 0 1 1 1 0 1 1 2 2 0 1 2 2 2 1 1 2 2 1 2 2 2 0 1 0 1 2 2 2 1 1 0 1 1 0 2 2 2 1 2 2 0 2 1 1 2 0 
1 2 1 1 2 2 0 2 1 2 2 2 1 0 1 0 1 1 2 2 2 0 2 2 1 2 0 2 2 0 2 0 0 1 2 1 2 2 1 2 0 0 0 0 1 1 1 0 0 1 0 2 1 0 0 1 2 2 0 0 1 0 0 1 0 2 0 2 2 2 2 2 2 2 1 0 0 0 0 2 1 1 1 1 2 1 0 1 2 2 1 0 2 2 0 0 2 2 
1 1 2 1 2 0 0 2 0 2 0 2 0 2 1 2 0 1 2 2 1 2 1 1 1 2 1 0 1 1 2 0 1 0 1 1 1 0 2 2 2 1 1 2 2 0 2 1 1 2 0 2 1 0 0 0 0 2 0 1 2 0 0 1 0 2 2 0 1 0 1 2 2 2 2 1 2 0 0 0 1 2 2 1 1 0 2 1 0 1 1 1 2 0 2 2 2 0 
2 0 1 1 1 1 0 2 1 2 0 2 2 1 0 0 0 1 0 1 2 1 2 0 2 1 0 2 0 1 0 2 1 2 0 1 1 2 0 2 2 0 2 0 1 2 1 1 2 0 1 0 1 0 2 0 2 1 2 2 2 2 0 2 2 0 1 2 0 2 0 2 2 0 0 1 1 0 2 2 1 2 2 0 2 0 2 1 1 1 2 0 0 1 1 1 1 1 
0 2 1 1 0 0 1 1 1 1 0 2 0 2 0 0 2 2 2 1 1 2 0 2 1 0 2 2 1 2 2 1 2 0 0 1 0 0 0 1 0 2 2 2 1 2 2 1 2 1 0 1 2 2 0 0 1 0 2 1 2 1 1 2 0 2 2 2 1 1 1 1 1 2 1 1 0 2 2 0 0 0 0 0 2 2 0 1 2 0 0 1 0 2 0 0 2 0 
2 0 1 0 2 1 1 0 1 0 1 0 1 0 1 1 2 0 0 1 1 2 2 2 2 1 2 1 2 2 0 1 0 2 1 2 2 1 2 0 0 0 2 1 2 0 0 1 0 0 1 1 0 0 0 2 0 1 2 1 0 2 0 2 0 2 0 1 0 0 1 0 2 0 2 0 2 0 1 2 2 1 2 0 0 1 2 1 1 2 0 2 0 0 2 2 2 2 
2 1 0 0 1 2 2 2 0 0 1 0 1 1 0 0 2 2 0 0 0 2 2 2 1 2 1 0 1 1 1 1 2 2 1 2 2 2 2 1 2 2 2 0 1 2 2 1 2 1 2 2 2 1 0 2 0 1 2 1 2 1 1 0 0 1 0 1 0 1 1 2 0 1 0 2 0 1 1 1 1 0 2 1 0 0 2 1 2 1 0 1 1 2 1 2 1 0 
2 1 0 0 1 1 0 2 2 2 1 1 1 0 1 2 0 1 1 0 0 1 2 0 2 2 1 1 0 0 0 2 1 0 2 0 1 0 2 2 2 0 2 2 1 1 1 0 2 1 1 1 2 1 1 2 2 2 1 1 2 0 0 0 2 1 0 2 2 2 1 2 0 2 2 2 0 2 2 2 1 1 2 0 2 2 2 0 0 0 1 2 2 1 2 1 0 0 
0 2 1 1 1 2 0 0 1 2 1 0 2 0 0 1 2 0 1 1 0 1 2 1 1 2 2 2 0 2 1 2 2 2 0 1 1 0 2 0 1 1 2 2 0 1 1 2 1 0 2 2 2 0 1 1 2 2 0 1 1 1 1 2 1 2 0 2 2 1 0 0 0 2 1 1 2 0 2 2 1 1 2 2 2 2 0 2 0 0 2 0 0 2 2 1 1 1 
1 1 1 0 2 0 1 0 1 0 1 1 1 0 1 2 0 0 2 0 0 0 0 1 0 2 0 1 1 0 2 1 0 2 1 0 0 1 1 1 2 1 1 2 1 2 1 2 0 0 2 0 2 2 1 0 0 2 1 0 1 1 1 2 0 0 1 0 2 1 2 2 2 1 1 0 1 1 0 1 2 0 1 1 2 2 2 2 1 0 1 2 2 2 1 0 1 0 
0 2 2 2 2 1 1 0 2 1 0 0 0 0 0 1 2 1 1 2 2 2 2 1 2 2 2 2 2 1 1 0 0 1 2 0 1 1 0 2 1 2 2 2 2 0 2 2 1 2 2 1 0 2 0 0 0 0 0 0 0 1 2 1 0 2 1 2 2 2 0 0 1 2 2 2 0 2 1 1 0 0 0 1 2 2 0 0 2 0 0 2 2 0 0 2 2 0 
2 0 0 2 0 1 2 0 1 2 1 0 0 1 0 0 2 0 1 0 0 0 1 2 1 0 0 0 0 2 0 0 0 0 0 1 1 1 1 0 2 1 0 1 2 0 0 2 1 0 0 0 1 2 2 0 2 1 1 2 2 1 1 0 0 1 0 0 2 2 1 1 0 2 0 2 2 0 0 2 0 2 1 2 1 2 2 2 1 2 2 1 2 0 2 0 2 2 
0 1 2 0 1 0 1 1 2 1 1 0 2 1 0 0 0 2 1 1 2 2 1 0 0 1 1 0 1 1 0 0 0 1 0 1 2 1 0 2 1 0 1 1 0 1 0 1 0 2 1 2 2 2 1 0 1 2 0 0 1 2 0 1 2 1 0 2 1 1 1 0 1 0 0 0 1 1 0 0 0 1 0 0 2 2 0 0 2 2 2 0 1 2 0 0 1 0 
0 0 1 0 2 2 2 1 2 2 0 0 2 1 0 0 1 0 1 2 2 0 1 2 1 2 0 1 1 0 0 2 0 0 1 2 1 0 2 1 1 0 2 0 2 1 2 1 0 0 1 1 1 2 1 1 2 1 0 0 2 0 0 2 2 0 2 1 0 2 2 0 0 2 1 1 0 2 2 2 1 0 2 2 1 1 0 0 1 1 1 1 0 1 0 1 2 0 
0 0 2 2 1 1 0 1 1 2 2 0 2 0 2 1 1 1 2 1 2 1 1 0 0 1 0 1 0 2 1 0 2 1 1 0 0 2 1 2 1 0 0 2 0 2 1 0 0 2 2 2 2 2 1 0 1 1 1 0 2 1 0 0 1 1 2 1 0 0 2 1 0 0 0 0 2 2 0 0 0 1 1 0 0 2 1 0 2 1 2 2 2 2 0 2 0 0 
2 2 1 2 0 1 0 2 2 0 0 1 0 1 0 0 2 1 0 2 2 2 0 2 1 1 1 1 2 1 2 0 0 0 0 1 1 0 1 1 1 0 0 1 2 2 2 1 1 2 1 0 1 2 1 2 1 1 1 2 2 0 1 1 2 2 2 1 1 2 1 1 2 0 1 0 1 0 0 1 0 2 1 1 1 0 1 2 0 1 0 1 1 2 2 1 0 2 
1 0 0 2 1 0 0 2 0 1 0 2 0 0 0 1 0 2 2 0 0 1 2 1 2 1 2 2 1 1 1 0 1 0 1 0 2 0 1 1 2 1 0 0 1 2 0 1 1 0 1 0 0 1 1 2 2 0 0 1 0 1 2 1 1 2 2 2 0 0 1 1 2 0 0 2 2 1 2 0 1 0 1 2 1 1 0 0 1 1 1 2 2 2 1 2 0 2 
2 0 2 1 1 1 2 1 2 1 0 2 0 1 1 0 0 1 2 2 0 1 1 0 1 1 2 2 1 0 0 0 2 1 1 1 0 0 2 0 1 2 2 0 1 1 0 1 1 2 2 0 0 0 1 0 1 2 2 2 2 2 0 2 2 2 1 0 2 1 2 0 1 0 0 1 0 0 2 0 2 1 1 1 1 1 2 0 1 0 2 2 2 2 2 2 2 2 
2 0 2 1 1 2 2 1 2 0 1 2 1 1 0 1 0 1 0 1 0 0 2 0 0 0 1 0 0 2 1 2 1 0 1 1 1 2 2 0 0 1 0 1 0 1 1 0 2 0 1 1 2 2 0 0 0 1 2 1 2 0 0 2 1 2 1 2 0 2 0 0 0 2 0 1 0 1 0 2 2 1 0 2 0 2 0 2 0 2 1 0 0 1 1 2 0 1 
1 2 0 2 1 2 0 0 1 2 1 0 1 1 0 2 0 1 1 0 2 2 2 0 0 2 1 1 1 2 1 2 1 2 0 1 1 1 1 2 2 2 2 1 0 2 0 0 2 1 2 1 2 0 1 1 2 1 0 0 0 2 0 1 1 2 2 1 2 2 1 2 0 2 1 0 2 2 2 2 0 0 1 2 2 2 1 0 1 1 1 1 1 0 0 1 1 1 
2 1 0 0 2 0 2 0 1 0 2 2 0 1 0 2 1 2 1 0 0 2 2 1 1 1 0 0 1 0 2 0 1 1 1 2 2 0 0 1 1 0 1 0 0 1 2 2 2 1 1 0 1 1 0 0 2 0 2 2 1 1 1 2 0 2 1 0 0 2 1 2 1 2 0 0 1 2 0 1 0 1 2 0 1 0 1 2 0 0 0 0 0 0 0 2 1 2 
2 0 1 2 2 2 0 0 1 0 2 2 1 2 2 0 2 0 2 2 2 0 2 1 1 1 0 0 2 1 0 2 1 1 2 2 2 2 2 2 0 0 0 1 2 0 2 0 1 0 0 0 2 0 0 1 0 1 2 2 2 1 1 0 0 0 0 2 2 1 0 2 2 2 0 0 1 0 1 2 1 2 2 1 1 2 1 1 0 2 2 2 1 0 1 1 2 2 
0 0 0 1 0 0 1 2 0 0 2 1 1 1 2 2 0 2 2 1 1 1 2 2 1 0 1 0 1 0 0 0 0 1 1 1 0 2 2 2 2 1 2 2 2 2 1 0 0 2 2 2 2 2 0 2 0 1 2 0 1 2 2 0 1 0 1 0 1 1 2 1 0 1 0 2 0 1 2 2 2 0 0 1 0 2 2 1 1 0 1 2 1 0 2 0 1 1 
1 0 0 2 0 2 2 0 0 0 2 2 2 0 2 1 2 1 0 2 0 1 1 1 1 0 1 0 0 2 1 0 1 2 1 0 0 2 1 2 2 0 0 0 2 2 0 2 2 0 0 2 2 0 1 2 1 1 0 1 2 2 1 2 1 1 1 0 2 1 0 1 1 2 0 2 2 2 2 1 0 0 1 1 1 2 1 0 2 1 1 0 1 2 0 0 1 0 
2 2 1 2 0 2 1 0 2 1 2 1 1 2 2 2 1 2 2 2 2 2 1 2 0 2 2 1 2 2 1 1 1 1 2 2 2 1 1 2 0 2 0 1 2 2 0 2 0 2 1 2 0 2 0 0 2 0 2 0 0 2 0 2 1 2 2 0 2 0 1 1 1 0 1 1 2 0 1 1 2 0 2 1 0 1 0 0 1 2 0 0 1 2 0 1 0 1 
2 2 0 1 0 2 1 0 0 0 0 2 2 1 0 0 1 1 2 1 2 2 2 0 0 2 1 2 2 1 2 1 2 1 0 1 1 0 0 0 2 0 0 2 1 0 1 1 1 2 1 2 2 1 0 2 2 0 0 0 1 0 2 1 1 1 2 2 1 1 0 2 0 0 0 0 1 1 1 1 2 2 2 0 0 2 1 2 1 1 1 1 1 1 1 0 1 2 
2 2 2 2 1 0 1 0 0 0 2 1 1 0 0 2 2 1 1 1 1 1 2 0 1 1 2 2 2 0 1 0 1 1 0 2 0 0 1 0 1 0 0 2 1 0 0 0 2 2 0 2 1 2 1 1 1 1 1 0 0 1 2 1 2 1 1 0 1 2 1 2 2 1 2 0 0 1 1 0 2 2 0 2 1 0 1 2 0 0 0 2 2 1 1 1 2 1 
0 1 2 2 1 0 1 1 0 2 1 1 1 1 2 0 0 2 0 0 2 2 1 2 1 2 2 0 2 0 1 0 1 2 2 1 1 0 1 1 0 1 2 1 1 1 1 2 2 2 2 2 0 1 1 1 2 0 1 0 2 1 2 0 0 2 1 2 0 1 2 0 0 2 1 2 2 1 0 2 2 2 2 0 2 0 1 1 1 1 0 1 2 1 2 1 2 2 
0 0 1 1 2 2 0 2 1 2 1 1 1 0 1 2 2 1 0 1 0 2 1 1 2 0 1 2 2 2 2 0 1 2 2 1 1 0 1 0 2 2 0 0 1 1 2 1 0 0 1 2 1 1 2 2 1 1 0 1 1 1 2 0 0 0 0 0 1 1 0 0 1 2 0 1 1 1 2 1 0 1 0 0 0 1 1 0 2 2 2 2 0 2 0 0 1 1 
2 1 2 0 2 0 2 1 0 1 2 2 0 1 0 0 2 1 2 0 1 1 0 2 0 1 1 2 1 2 1 1 1 0 0 2 1 0 1 1 2 1 1 0 0 2 1 2 2 1 0 2 1 0 2 0 2 1 0 2 2 2 2 2 2 2 2 2 0 1 1 2 2 1 0 2 1 2 2 1 2 0 1 2 1 0 1 0 0 0 0 1 0 2 2 0 0 1 
0 2 2 2 2 1 0 0 1 2 2 2 0 0 2 2 0 0 0 1 1 1 2 0 1 0 0 1 0 1 2 1 0 1 0 0 1 1 1 1 1 1 1 1 2 0 1 0 2 2 1 2 0 0 1 0 0 1 2 1 0 0 1 1 0 2 1 0 2 2 1 2 2 0 0 1 0 0 1 1 1 0 2 0 1 0 0 1 0 0 1 0 1 2 2 1 0 2 
0 1 0 1 2 2 2 2 1 1 1 2 0 2 1 2 1 2 0 0 1 2 0 1 1 2 1 2 0 2 2 0 2 2 0 0 1 1 0 2 2 0 2 2 0 2 1 0 1 2 2 0 0 0 0 0 2 2 0 2 2 1 1 1 1 1 2 2 1 1 1 2 2 0 1 1 2 1 0 1 2 1 0 1 1 0 1 0 1 1 1 0 0 2 1 1 2 0 
1 0 2 0 0 1 0 0 0 2 1 1 1 1 0 0 1 0 2 1 1 2 1 2 2 0 0 2 2 1 2 1 1 2 1 2 1 1 0 0 1 0 1 1 1 2 0 2 0 2 2 1 1 2 0 2 0 0 0 0 2 2 1 2 1 2 0 0 1 2 2 1 1 1 2 1 0 1 2 0 2 1 1 1 0 1 0 2 0 2 0 0 2 0 0 0 2 0 
2 0 2 0 1 0 1 2 2 1 0 0 2 2 1 1 0 0 2 0 1 2 1 0 1 0 2 0 1 0 0 0 0 1 0 2 0 2 2 0 2 0 1 2 0 1 1 1 2 0 2 1 0 2 0 2 1 2 0 1 2 0 1 1 2 2 2 1 1 0 0 0 0 1 0 0 1 2 1 0 2 0 1 1 1 2 0 0 0 0 1 1 1 1 2 0 0 1 
2 1 2 0 1 2 2 0 2 2 0 1 1 0 0 2 0 0 1 1 2 1 2 2 1 2 1 1 0 2 0 2 2 2 0 1 2 2 2 1 2 1 1 0 2 2 1 1 2 1 2 0 0 0 2 2 0 2 2 0 2 2 1 1 0 0 2 0 0 1 2 0 1 2 1 0 2 2 0 1 2 2 2 0 2 0 2 2 1 0 1 2 1 0 2 1 0 2 
0 0 1 2 0 2 1 2 2 2 0 0 1 2 2 1 2 0 0 2 0 1 2 2 0 1 0 2 2 0 0 0 0 1 2 1 2 2 0 0 0 1 2 0 1 1 2 2 0 0 1 2 0 0 1 0 2 1 2 1 2 1 2 1 1 1 0 0 0 0 1 1 1 0 1 0 2 1 2 2 0 1 0 1 1 1 0 0 1 1 0 1 1 1 0 0 0 0 
1 0 1 0 0 2 2 2 0 1 0 0 1 0 2 1 1 1 1 1 0 1 0 0 2 0 1 2 1 0 1 1 1 0 1 1 0 1 1 1 2 2 0 1 1 2 2 0 0 0 2 2 1 2 2 1 0 1 1 1 2 1 2 2 1 2 0 1 0 1 1 2 1 2 0 0 0 0 2 1 0 1 1 2 2 2 2 2 0 2 1 0 0 1 1 0 2 1 
2 0 0 2 2 0 2 0 0 0 0 2 1 2 2 0 1 2 2 0 0 1 1 1 1 0 1 0 1 0 0 0 2 0 1 0 1 0 1 2 1 1 2 2 1 2 2 1 1 2 2 2 0 2 0 2 2 2 2 2 0 2 2 2 1 2 1 1 1 2 2 2 0 2 0 1 2 2 0 2 0 1 2 0 0 1 2 2 0 0 2 1 0 1 1 0 1 0 
0 1 1 2 0 2 1 0 1 2 1 1 1 0 2 0 2 0 0 1 1 2 0 2 1 0 2 0 0 0 1 0 2 1 0 0 2 2 0 2 1 2 2 1 1 0 2 1 2 0 1 1 0 0 1 0 1 2 0 0 0 2 0 1 2 1 2 2 1 0 1 0 2 2 2 2 2 2 1 1 2 0 1 1 1 1 0 2 1 1 0 1 2 1 0 0 2 0 
0 0 2 1 2 2 2 0 1 1 2 0 0 1 0 0 2 0 1 0 2 2 0 0 2 1 2 0 0 2 2 0 1 0 0 1 0 2 2 0 2 1 2 1 2 0 0 1 2 1 0 1 0 1 1 2 2 2 0 2 0 1 1 2 2 1 0 0 1 0 1 2 1 1 1 2 1 0 2 1 2 1 1 1 2 0 2 2 1 1 2 0 0 1 1 0 1 2 
2 2 2 2 0 2 0 0 0 1 0 1 1 0 0 0 2 2 2 2 0 1 1 0 2 1 2 0 2 2 2 0 2 0 2 0 2 1 1 0 0 2 0 1 0 1 0 2 0 0 0 2 0 0 2 1 2 2 0 1 2 2 2 1 2 2 2 1 1 0 2 0 2 2 0 1 0 0 2 2 0 1 2 2 2 1 1 1 0 1 0 0 0 0 1 2 0 1 
1 2 0 1 2 2 1 0 0 1 1 0 0 1 2 2 2 2 2 1 0 1 1 2 0 2 0 2 1 2 0 2 1 2 2 1 2 0 1 2 0 1 2 0 0 2 2 2 1 1 1 1 1 1 0 2 1 1 0 2 1 2 1 0 1 2 1 1 1 0 1 2 2 2 1 1 2 2 0 0 2 2 2 0 2 1 1 2 0 1 0 2 1 2 1 0 0 0 
0 0 2 0 0 2 1 1 2 2 1 1 0 1 1 0 0 1 0 2 0 2 2 2 2 2 2 2 0 0 1 1 1 0 0 0 2 2 0 0 0 1 0 0 2 2 0 0 2 0 1 2 1 1 2 0 1 2 0 2 1 1 0 0 2 0 2 0 0 0 2 1 0 2 1 1 1 2 1 1 1 1 1 0 2 1 0 0 1 1 2 2 1 1 1 1 0 2 
2 0 2 2 0 0 2 1 1 2 1 1 2 1 0 1 1 0 2 1 2 1 0 2 2 0 0 1 2 0 2 1 2 0 2 2 0 0 1 1 2 0 2 0 2 2 1 2 0 0 1 0 2 1 2 0 1 0 2 1 2 0 2 2 2 0 0 1 1 0 0 1 1 2 0 2 1 2 0 0 2 1 2 0 2 1 1 2 2 1 0 1 2 1 2 0 2 2 
0 1 0 1 1 1 2 0 0 2 0 2 1 2 1 0 2 0 0 0 0 0 2 0 0 1 0 0 1 0 1 1 2 2 1 1 1 1 1 1 0 0 0 1 2 1 0 2 2 0 2 2 1 1 0 1 0 0 2 1 2 1 2 1 2 2 0 1 0 2 2 1 1 1 1 1 1 1 0 0 2 1 1 2 1 0 2 2 2 0 1 2 2 1 2 1 2 0 
2 1 0 2 1 2 1 2 1 1 2 0 1 0 1 0 0 2 1 2 1 2 0 2 1 0 2 2 0 2 1 2 0 2 0 2 2 0 1 2 2 0 0 2 1 1 2 1 2 1 2 2 2 0 0 0 2 0 1 2 2 1 0 2 2 1 0 1 0 1 1 2 2 2 1 2 1 0 1 2 2 1 2 1 1 1 2 2 1 2 2 2 2 2 1 0 2 2 
2 0 1 0 1 0 2 0 0 2 1 2 2 1 0 2 1 1 0 2 1 1 2 2 0 0 0 0 0 0 1 1 0 0 2 1 2 2 2 0 2 1 2 0 2 2 0 0 2 1 2 2 0 2 0 0 2 0 2 0 1 1 1 2 1 0 1 2 0 1 0 2 2 1 2 1 0 0 2 1 1 1 0 0 1 0 0 2 1 1 2 0 0 2 2 1 0 2 
2 2 2 1 2 0 1 2 1 1 2 0 1 0 2 1 2 2 2 1 2 0 2 0 1 1 1 2 1 2 2 1 2 2 1 0 0 1 1 2 0 2 1 0 2 1 1 2 2 0 0 0 1 0 2 0 1 0 2 0 1 0 0 0 2 2 2 2 2 2 1 2 0 2 2 1 2 2 0 0 1 1 2 1 1 1 1 0 1 2 2 0 0 2 1 0 2 0 
0 0 0 0 0 1 2 2 0 2 2 2 0 1 0 0 1 2 2 1 2 1 2 0 2 2 1 1 2 0 1 1 2 1 2 0 1 1 0 0 0 1 0 2 2 2 2 0 2 1 0 1 2 2 0 1 1 0 1 0 1 1 2 1 2 1 2 2 0 1 1 2 0 0 1 0 0 2 1 1 2 2 0 2 1 0 2 1 0 0 1 2 1 0 1 0 0 0 
2 1 1 2 0 2 1 1 2 2 1 1 1 0 0 0 0 0 1 1 2 1 1 1 2 2 2 2 0 2 2 1 0 1 1 2 1 2 1 2 0 2 0 2 1 2 1 0 2 1 1 1 0 2 0 2 1 1 0 2 0 1 1 1 2 2 2 1 1 0 0 2 0 2 0 0 2 0 2 2 0 2 2 2 2 0 2 0 1 2 2 2 2 0 2 1 0 0 
2 2 2 0 1 0 0 0 1 2 1 0 1 2 0 1 1 0 2 2 0 0 1 1 2 1 2 2 1 2 0 0 0 1 0 2 0 2 1 2 1 0 2 2 2 0 0 1 2 2 1 2 1 1 2 2 2 0 2 2 0 1 0 1 0 2 0 2 0 2 0 1 2 1 0 1 0 1 0 0 2 0 0 2 2 1 2 2 1 2 1 2 0 0 0 2 0 0 
2 1 0 1 0 0 2 0 2 1 1 0 1 1 1 1 0 1 0 0 1 1 0 0 1 1 2 2 1 0 0 1 1 1 1 1 0 1 1 1 2 1 2 2 2 2 2 0 2 1 1 0 2 2 0 2 0 2 2 1 0 0 2 0 2 0 1 1 2 2 2 1 0 1 2 2 0 1 0 0 0 0 0 1 2 1 2 2 2 0 1 2 1 1 2 1 0 1 
1 1 2 0 1 2 0 0 1 2 1 1 1 0 1 2 1 2 0 0 0 1 2 2 2 1 0 2 2 2 1 2 0 2 1 0 0 2 0 0 0 0 1 2 0 0 2 2 1 2 1 1 1 0 2 1 1 2 0 2 2 2 1 0 0 1 0 1 2 0 1 0 0 2 2 1 2 0 2 1 0 2 2 0 2 2 2 1 2 0 2 0 1 1 1 0 2 1 
1 0 1 0 1 1 0 0 2 0 2 1 0 2 1 0 1 1 2 2 2 1 0 1 0 2 0 0 0 2 0 1 0 2 1 1 0 1 2 2 0 2 2 1 0 1 1 0 1 2 2 0 1 0 0 2 0 2 1 2 1 0 0 2 2 2 2 2 0 1 1 1 2 0 2 0 1 0 1 1 0 2 0 0 1 2 1 0 1 1 1 0 2 1 2 0 2 2 
0 2 1 2 1 2 2 2 2 2 1 0 0 1 2 1 1 2 1 0 1 1 2 2 1 0 2 1 1 1 0 2 0 0 2 1 1 2 2 2 0 0 0 0 0 2 1 0 2 0 1 2 1 0 1 1 2 1 0 1 2 1 0 2 2 1 1 1 0 2 2 2 1 0 1 1 0 0 1 0 0 0 0 1 2 1 2 0 0 2 1 2 2 2 1 1 1 0 
2 0 1 1 2 0 0 2 1 2 1 2 2 1 2 0 1 1 1 0 2 2 0 2 0 2 2 0 2 2 2 1 0 0 0 1 2 1 2 0 0 2 2 0 2 1 1 1 0 2 1 2 1 1 0 1 0 0 1 1 1 0 2 0 1 2 2 1 1 1 1 2 0 0 0 1 0 0 0 0 1 2 2 2 0 2 0 1 1 2 2 1 0 2 2 2 1 0 
1 0 1 0 0 0 1 1 2 2 2 0 2 2 1 0 1 1 2 0 1 2 2 2 1 2 1 0 2 0 0 1 1 1 1 2 0 1 1 2 0 0 1 1 1 2 0 0 0 1 0 1 1 1 0 0 0 0 2 0 2 2 1 0 0 1 2 0 1 0 1 1 2 0 0 2 2 0 0 2 0 0 1 2 2 0 0 1 1 1 0 2 0 1 1 1 1 1 
0 2 2 2 0 0 0 2 2 1 0 0 2 1 2 2 1 0 1 0 0 0 1 2 0 0 2 2 1 2 2 2 1 0 0 1 0 1 2 0 1 0 2 1 1 2 1 1 1 2 0 2 1 0 0 2 2 2 0 1 0 2 1 2 1 1 2 2 0 2 0 2 0 0 0 2 2 0 1 1 0 1 1 1 1 2 0 1 2 2 2 2 2 0 1 2 2 1 
2 2 2 0 1 1 0 1 2 2 2 0 2 1 1 1 1 2 0 1 1 2 1 2 1 1 1 1 1 0 2 2 2 0 0 1 1 0 0 1 0 1 2 2 2 0 1 2 0 0 1 2 1 1 1 1 1 2 0 1 0 2 2 1 2 0 0 0 0 0 2 0 1 0 2 1 1 1 1 2 1 2 1 2 1 0 2 0 1 0 1 0 1 2 1 0 1 2 
0 2 0 2 1 1 2 0 2 0 0 0 2 1 2 0 0 1 1 1 0 0 0 2 1 2 1 0 2 0 1 0 1 0 1 2 2 1 1 1 2 2 2 1 0 1 1 2 0 0 1 0 0 0 1 2 0 0 2 2 0 1 1 0 1 1 0 1 0 2 1 0 1 2 2 0 0 0 2 2 1 1 2 0 2 2 0 2 1 1 1 0 1 0 1 1 0 2 
0 0 2 1 1 2 2 0 0 0 1 0 1 2 1 1 1 1 0 1 0 1 0 0 1 2 2 2 0 0 0 0 2 0 0 1 2 0 2 0 2 0 1 0 2 2 1 1 2 0 1 2 1 0 1 1 1 0 2 1 1 0 2 2 0 0 1 0 1 1 0 0 2 1 0 0 1 0 2 2 2 0 0 1 2 0 2 2 2 1 0 0 2 1 1 0 1 2 
1 0 0 0 2 1 0 2 2 2 2 0 0 1 2 0 2 2 2 1 2 0 2 1 0 1 0 0 2 0 1 2 1 1 0 2 1 1 2 0 0 2 0 2 1 0 0 1 0 0 1 1 1 1 0 1 1 0 2 1 0 0 1 1 1 2 1 2 1 2 2 2 1 2 1 0 0 2 0 1 0 0 1 1 0 2 0 0 2 0 2 1 0 0 2 2 0 0 
2 2 2 1 0 0 2 2 2 0 1 1 1 1 1 0 0 2 0 2 0 2 2 0 0 0 0 1 0 2 0 2 2 0 1 2 1 2 1 1 1 1 0 2 0 0 2 2 1 2 0 0 1 0 2 1 0 0 0 2 2 2 0 1 2 0 1 1 1 2 2 2 1 1 1 2 0 2 1 0 0 0 0 1 2 2 2 0 2 1 1 2 2 2 1 0 2 0 
0 2 0 1 0 1 2 2 1 0 2 2 0 0 0 2 2 0 1 0 0 1 2 2 2 1 1 1 2 0 2 2 2 0 2 1 1 2 0 1 1 0 1 2 0 1 0 2 1 2 1 2 0 1 1 1 0 0 1 1 0 1 0 2 1 0 0 2 2 0 1 2 1 0 1 2 2 2 1 0 1 2 2 2 0 2 1 2 1 2 0 2 1 1 0 0 2 2 
1 1 1 0 2 0 2 1 1 1 0 1 1 1 0 0 1 0 2 1 2 2 0 2 1 0 1 1 2 0 2 2 2 2 1 1 2 2 0 0 2 0 2 1 0 1 2 0 2 1 2 0 0 0 1 0 0 2 0 2 2 1 1 1 1 1 2 0 2 2 2 2 1 1 0 1 2 0 0 0 2 1 2 0 2 2 2 0 1 2 2 0 0 0 2 2 2 2 
0 0 0 2 1 1 0 2 2 2 2 0 0 2 0 2 0 0 1 2 0 2 2 1 2 0 0 2 2 2 1 2 0 1 0 0 0 1 2 2 2 1 0 2 2 2 2 0 2 2 0 1 2 0 0 2 0 0 2 2 1 1 0 1 1 0 1 2 0 0 2 0 0 2 2 2 2 2 1 0 1 1 2 2 2 1 2 1 0 1 1 2 1 2 0 2 1 0 
1 2 1 2 2 1 2 1 2 0 0 1 2 0 0 1 1 1 1 1 2 0 0 0 2 2 1 1 0 0 2 2 1 2 0 0 0 0 0 2 1 2 2 2 1 0 0 2 2 2 1 0 1 1 2 2 0 2 1 0 0 0 0 1 1 2 1 2 1 2 1 0 1 1 2 1 0 0 1 2 1 1 2 2 2 2 1 1 0 0 0 2 2 1 0 2 2 2 
0 0 0 2 0 2 0 0 1 0 0 2 0 0 0 2 2 0 1 2 1 0 2 2 2 2 1 1 2 1 1 2 2 2 1 2 2 1 1 0 1 0 2 2 1 1 2 0 1 1 2 2 2 1 2 0 2 2 1 2 2 0 2 0 2 2 1 2 2 2 2 1 2 2 2 0 1 2 2 2 1 1 2 0 0 2 2 2 2 1 2 1 1 0 0 2 0 2 
1 0 2 1 0 1 1 2 2 0 0 1 2 2 0 0 1 2 1 1 2 1 2 1 1 1 1 1 1 0 2 2 2 2 1 1 0 0 1 2 1 2 1 0 1 1 1 1 1 2 2 1 0 2 2 0 2 2 2 2 1 0 0 2 1 2 1 0 1 0 1 0 0 1 1 1 2 2 0 2 0 0 0 2 0 2 1 1 0 1 0 0 2 2 2 1 0 2 
0 0 0 0 0 2 1 2 0 2 0 2 0 2 1 2 0 1 1 0 1 0 2 0 0 2 0 0 0 2 0 2 2 0 0 1 1 0 2 2 1 2 1 2 0 0 2 2 2 1 2 1 2 0 0 1 2 0 0 2 1 0 2 2 0 0 2 0 2 2 1 0 1 1 0 2 0 1 1 0 0 0 0 0 1 1 2 2 1 0 1 2 2 2 0 1 2 0 
2 0 1 1 2 1 0 2 1 1 0 0 0 0 0 0 2 0 2 0 1 2 2 0 1 1 2 2 1 1 0 1 2 1 2 0 2 2 2 2 2 0 0 1 1 1 0 0 0 0 1 2 1 0 2 1 0 2 2 2 2 2 1 1 1 0 1 1 2 1 1 2 1 1 2 1 1 0 1 2 0 1 2 1 1 2 0 2 0 0 1 2 1 2 2 0 0 1 
0 0 2 1 0 0 1 1 0 2 1 1 0 1 0 0 2 0 0 2 1 0 2 0 2 2 0 1 2 2 2 0 2 1 1 0 0 1 2 0 1 1 1 1 2 1 2 2 1 0 0 0 1 1 1 0 1 2 0 1 0 0 0 1 0 0 2 0 1 1 1 1 1 0 2 1 0 1 0 1 0 0 0 2 0 1 1 0 2 2 0 1 1 0 0 2 2 0 
1 1 2 1 1 2 2 2 2 0 0 1 1 1 2 0 2 1 2 0 1 1 1 2 0 0 1 2 1 0 2 1 1 0 0 2 2 2 0 0 2 0 0 2 2 2 2 0 2 2 2 2 1 2 0 0 0 2 1 1 2 0 2 0 0 0 1 2 1 2 2 0 2 1 0 2 0 1 2 1 2 2 0 0 0 0 1 1 2 2 1 2 0 0 2 2 2 1 
2 1 0 1 0 1 1 1 0 1 1 1 1 2 1 2 2 2 2 2 1 2 1 2 2 2 0 0 1 1 1 0 0 0 0 1 2 1 0 2 2 2 2 1 1 1 0 2 1 1 1 2 1 0 2 2 2 2 0 0 2 2 2 2 1 1 0 0 2 0 1 2 1 1 0 2 0 2 2 0 0 2 1 1 0 0 0 0 1 1 2 0 0 0 2 1 2 2 
0 1 2 2 2 1 0 1 0 2 2 0 1 2 0 1 1 2 1 1 1 2 2 0 0 2 0 2 2 1 1 0 0 0 2 0 0 2 0 2 2 0 0 0 2 1 1 0 0 1 2 0 1 0 1 0 2 2 1 0 2 1 1 2 1 2 1 1 2 1 1 1 1 1 1 2 1 2 2 0 2 2 1 0 1 0 0 0 0 0 0 2 1 0 1 0 0 2 
0 1 0 1 0 1 1 2 2 2 0 0 0 0 1 2 1 2 1 1 0 2 2 1 1 0 2 2 1 2 1 1 0 2 2 0 0 0 0 0 0 1 1 2 1 1 0 2 0 0 1 1 2 1 2 0 1 2 1 1 0 0 2 1 0 0 0 2 1 2 1 2 2 1 2 2 2 2 2 0 2 1 1 0 0 0 2 2 1 0 1 0 0 2 1 0 2 2 
2 0 0 2 2 1 0 1 2 2 1 0 2 1 0 0 1 1 2 0 0 2 0 0 2 1 0 2 1 0 0 2 0 0 0 2 0 2 2 1 1 0 1 0 2 0 0 2 1 2 2 2 0 2 1 0 1 1 1 2 2 1 0 0 2 2 0 0 0 0 1 1 0 0 0 0 1 1 0 1 0 1 2 1 1 1 1 1 0 1 1 2 0 0 0 2 2 1 
0 0 1 2 0 1 0 2 1 1 0 0 2 2 2 1 0 0 0 1 0 1 2 1 1 1 2 1 2 0 2 0 1 1 0 1 0 0 2 1 2 0 2 0 1 2 2 2 2 0 2 1 0 2 0 2 1 1 2 1 1 0 0 1 0 0 1 1 2 2 1 2 0 2 2 2 1 0 0 0 2 2 0 2 2 2 1 2 1 0 2 0 1 1 1 0 2 0 
2 2 1 0 0 1 1 2 0 1 0 1 2 1 1 2 1 1 1 2 1 2 0 2 2 2 1 2 1 2 0 1 1 2 1 0 1 2 1 2 0 0 1 2 2 2 1 0 2 2 2 0 1 2 2 1 2 0 0 1 2 2 0 0 1 0 0 0 0 1 2 1 1 2 0 1 0 0 2 1 0 0 2 2 0 2 2 2 1 0 2 1 1 2 2 2 1 2 
1 0 2 0 1 2 1 0 2 2 1 0 1 1 0 1 2 1 0 0 0 2 0 1 2 1 2 0 0 2 0 0 1 2 1 1 1 2 2 1 2 0 1 0 0 0 0 1 1 2 0 0 1 1 2 2 2 1 2 2 0 2 2 1 0 2 0 1 1 2 1 2 0 1 1 1 0 1 2 0 1 0 0 0 1 2 2 0 2 1 0 1 0 1 0 2 0 1 
0 1 2 2 2 2 2 2 0 1 2 2 0 2 2 1 2 0 1 2 1 2 0 1 1 2 0 0 0 2 2 0 0 0 1 2 2 2 2 0 0 1 1 0 1 1 2 1 0 0 2 1 1 1 1 2 2 2 1 1 1 2 0 0 2 1 0 0 0 2 0 2 0 0 1 2 2 2 1 2 2 1 2 0 0 2 1 2 0 1 1 1 1 0 2 1 2 0 
2 2 0 2 0 2 2 1 1 1 2 0 1 0 1 1 2 2 2 2 0 0 2 2 1 1 2 1 2 1 2 2 0 2 1 2 2 0 2 1 2 1 2 0 0 1 0 0 0 1 2 1 1 2 1 0 0 1 0 2 2 0 1 0 0 1 1 1 0 0 0 0 0 1 1 1 0 0 2 2 0 2 1 2 1 2 2 1 1 0 0 1 2 1 1 0 2 1 
1 0 1 0 0 0 2 0 0 0 2 1 2 1 2 1 0 1 1 0 2 0 2 2 1 0 2 2 1 0 1 0 2 2 2 0 0 1 0 0 2 1 2 0 1 2 2 1 0 2 0 1 0 0 2 0 1 0 0 1 0 2 0 1 2 0 2 0 1 0 2 0 1 0 1 0 2 2 0 0 0 1 1 2 1 2 1 2 2 2 0 0 0 2 2 1 1 1 
0 2 1 2 0 0 0 2 2 0 2 1 1 0 0 1 0 0 0 1 2 2 2 0 2 1 1 1 2 2 0 2 0 0 0 2 2 0 1 2 0 0 2 2 2 1 0 2 1 0 1 2 1 1 1 1 1 2 0 2 1 0 1 0 2 1 2 1 2 2 1 0 2 2 1 2 1 1 2 2 2 0 0 0 1 0 2 1 1 1 1 0 2 2 0 1 0 0 
2 2 0 0 0 1 0 2 1 2 0 1 0 0 2 2 2 2 0 2 2 0 2 1 2 0 0 2 0 0 1 0 2 2 1 1 2 2 2 1 0 1 2 1 0 2 1 0 2 1 1 0 0 2 0 0 1 0 2 2 1 2 2 1 2 2 0 2 1 0 0 2 0 0 0 1 2 0 2 2 2 2 1 1 0 0 1 1 1 1 0 2 2 0 0 1 0 0 
