95 3
22720 78768 316482
78768 666558 837939
316482 837939 720744
0 2 2 
2 2 0 
0 0 0 
2 1 1 
2 0 0 
2 2 2 
1 0 2 
0 0 1 
2 1 1 
2 1 1 
2 1 2 
2 2 1 
0 0 0 
0 1 1 
1 0 1 
0 1 2 
0 0 2 
0 0 0 
1 1 2 
1 2 1 
1 1 1 
1 0 1 
2 1 2 
2 1 2 
2 2 1 
2 0 1 
2 2 1 
1 2 1 
0 0 0 
0 1 2 
1 1 2 
0 1 0 
0 0 2 
1 0 0 
1 0 2 
1 0 2 
0 0 1 
0 1 1 
0 2 1 
0 0 0 
2 0 1 
2 1 0 
2 0 2 
1 1 0 
1 0 1 
0 1 0 
2 2 2 
2 2 2 
0 0 2 
0 2 2 
1 1 2 
1 0 0 
1 0 0 
1 2 1 
2 2 2 
0 1 2 
1 0 2 
1 1 0 
2 2 1 
1 1 0 
2 1 2 
1 1 0 
1 0 0 
2 0 1 
2 1 1 
1 1 0 
1 2 0 
1 1 2 
0 1 2 
0 2 2 
0 1 0 
0 0 1 
1 0 0 
0 1 0 
2 0 0 
2 0 0 
2 2 2 
2 1 0 
0 2 1 
1 2 0 
2 1 1 
1 0 1 
2 2 1 
0 1 2 
1 1 1 
1 1 2 
1 2 1 
0 0 2 
0 1 0 
0 0 2 
2 0 1 
0 2 0 
1 2 1 
1 2 2 
0 1 2 
