73 65
706605 165337 171479
165337 433439 344444
171479 344444 933332
1 1 0 1 1 1 2 2 2 1 1 0 0 1 2 1 2 0 2 1 0 2 2 1 2 0 2 0 2 1 0 1 0 0 2 1 1 1 0 0 2 1 1 0 1 2 0 2 2 1 2 1 1 1 0 2 1 2 0 0 2 2 1 2 2 
2 1 1 0 1 1 1 1 2 2 1 2 2 1 1 0 0 2 0 0 2 1 1 2 0 0 1 0 1 2 0 0 0 0 0 0 1 1 0 2 0 2 1 2 0 2 1 0 0 2 0 1 1 2 1 0 1 2 0 1 1 2 0 2 2 
2 1 1 0 2 2 2 0 2 0 0 1 1 2 1 0 2 2 0 0 0 1 2 0 2 0 2 2 0 1 0 1 0 1 0 0 0 0 1 1 2 0 0 2 1 1 2 0 1 2 1 2 2 1 0 1 1 2 2 1 2 1 0 1 0 
2 0 0 1 2 1 2 0 1 2 0 1 0 2 2 1 1 0 1 1 1 2 0 0 1 2 2 1 1 2 2 1 1 2 0 0 1 1 2 0 1 0 2 0 1 1 2 1 2 1 1 1 1 0 2 2 2 0 1 2 2 0 1 1 1 
1 1 1 1 1 1 2 2 2 2 0 1 0 2 1 2 0 2 2 1 0 2 1 2 1 2 0 2 0 0 0 1 0 1 0 0 2 0 0 0 2 0 0 2 2 2 2 2 1 1 2 0 2 2 1 0 0 1 0 1 2 2 2 1 2 
2 0 1 2 0 1 2 1 2 2 1 1 0 2 1 2 0 2 1 2 1 2 1 2 1 1 0 0 1 2 0 1 2 1 0 1 1 1 1 0 1 1 0 1 1 2 1 1 1 0 1 2 2 0 2 1 1 0 0 1 0 2 0 2 0 
0 1 0 0 0 2 1 1 2 0 0 1 2 2 1 1 2 1 2 1 0 1 2 2 2 1 2 1 1 0 0 0 0 1 2 2 1 0 2 2 2 1 1 1 0 1 1 0 2 1 2 0 1 1 2 2 2 1 1 0 0 1 1 1 0 
0 1 1 1 2 2 1 1 0 1 1 1 2 0 1 0 2 0 1 2 2 0 0 0 0 1 2 0 1 2 2 1 1 1 2 2 1 1 1 0 2 1 2 2 0 1 0 0 2 0 0 2 1 2 0 0 2 0 0 1 0 1 0 2 1 
1 2 1 1 1 0 1 1 2 0 0 1 1 0 2 2 1 2 0 1 2 1 1 1 1 2 2 1 2 0 1 1 1 1 1 2 2 0 2 2 1 0 2 0 0 2 0 0 0 0 1 0 2 1 1 2 2 1 2 0 1 1 1 0 2 
2 2 1 2 0 1 2 0 2 1 1 2 0 2 1 0 1 1 0 1 1 0 0 2 1 0 1 0 1 2 1 2 2 2 1 1 0 1 0 1 0 0 2 0 1 1 1 2 0 1 1 2 2 1 0 1 2 2 2 0 0 1 0 2 1 
1 2 2 2 0 0 1 0 2 2 0 0 0 1 2 2 0 0 2 2 1 1 2 1 0 1 0 1 0 0 0 2 0 1 2 0 2 2 0 2 1 2 0 2 0 2 2 1 1 0 1 1 0 0 0 2 1 0 2 1 2 0 2 2 0 
0 2 2 0 0 1 1 2 1 1 1 1 1 0 1 2 2 1 1 1 0 0 2 1 1 0 0 1 2 1 0 0 2 1 2 0 0 2 0 2 0 0 0 0 2 0 2 1 0 1 2 1 1 1 1 1 1 2 0 0 0 2 0 0 1 
0 0 1 1 1 2 1 1 0 2 0 1 0 0 0 0 1 2 2 0 2 1 2 2 1 0 2 1 2 1 2 1 2 1 2 1 1 1 0 2 2 0 1 2 1 2 2 1 1 2 1 2 1 2 0 2 1 1 1 2 1 0 1 0 1 
0 1 1 1 2 1 2 2 0 0 0 0 1 1 1 0 2 0 1 2 0 2 2 1 0 0 1 2 0 2 2 0 2 0 1 2 0 1 0 1 2 2 2 1 1 2 1 0 0 2 2 2 0 0 1 0 2 0 0 0 0 2 1 0 0 
0 2 1 0 0 2 0 2 1 2 0 1 1 2 0 1 1 2 0 2 2 0 1 0 0 2 2 0 0 2 0 0 0 0 1 2 1 2 2 0 1 1 1 2 0 0 0 2 2 0 2 2 0 1 2 0 1 0 2 0 1 1 1 1 0 
2 0 2 2 1 0 1 2 1 2 1 0 0 2 0 0 1 0 1 0 1 2 1 0 1 0 1 0 2 2 1 1 2 2 1 1 1 1 0 1 0 2 1 2 1 2 2 2 2 2 1 1 0 1 0 2 2 2 2 0 0 1 0 2 1 
0 0 1 0 2 1 0 1 2 0 1 2 0 2 0 1 0 1 1 2 2 1 2 0 0 0 2 2 2 0 0 0 0 1 2 0 2 0 1 1 2 2 0 1 2 1 1 0 0 0 0 1 1 1 0 1 2 1 2 2 2 1 0 1 2 
1 0 1 0 1 2 2 2 0 1 1 2 0 1 0 0 2 0 1 1 1 2 2 1 0 0 2 2 0 1 2 1 2 0 1 2 0 1 2 0 1 1 2 1 0 1 2 2 0 1 1 0 2 1 1 0 2 0 2 0 0 1 2 1 1 
0 1 1 0 2 0 2 0 2 0 2 2 1 1 0 1 0 1 2 2 2 0 1 1 2 1 1 0 2 1 1 1 1 0 2 2 1 2 2 2 1 1 0 0 0 0 0 1 2 2 0 2 2 1 2 0 0 2 1 0 0 2 0 0 0 
0 1 2 1 2 1 1 2 2 1 0 2 1 1 2 1 1 2 2 1 1 2 1 0 0 2 0 0 1 1 0 1 2 1 2 0 0 0 2 1 2 1 2 2 2 2 0 0 2 1 0 1 2 2 0 2 0 1 0 2 0 0 1 0 2 
0 1 1 1 0 2 2 0 1 1 1 2 2 2 0 2 2 1 0 1 1 1 0 0 0 1 1 1 2 0 1 0 2 0 1 2 2 2 1 1 1 0 1 1 0 2 0 2 2 1 2 2 1 0 1 1 1 0 0 0 2 1 1 0 1 
0 0 2 0 0 0 2 2 0 1 1 1 0 0 1 2 0 0 0 2 0 2 0 0 2 2 2 1 1 0 2 1 0 1 1 0 2 1 2 1 2 2 2 1 1 0 0 0 0 2 1 0 0 1 1 0 2 0 0 1 2 0 2 2 2 
0 2 2 1 0 2 2 1 0 2 0 1 2 2 2 1 0 0 0 2 1 1 2 1 1 0 2 0 1 0 0 2 1 1 0 2 0 1 1 2 0 0 2 0 2 0 0 1 1 2 0 1 1 1 0 0 2 0 0 1 1 2 2 2 2 
2 2 1 1 0 2 2 2 2 2 1 2 1 1 0 0 0 0 2 0 2 0 0 1 1 1 0 0 1 2 1 2 1 1 1 1 1 2 2 1 1 1 1 2 0 1 2 1 1 2 1 2 2 2 2 0 1 2 0 0 2 1 2 1 2 
2 2 1 1 1 0 2 1 2 1 0 0 2 2 0 1 2 0 1 1 0 1 1 2 0 1 1 1 1 2 0 0 0 0 1 0 2 2 0 0 2 1 2 0 1 2 2 0 0 2 2 1 1 1 0 2 2 0 0 2 0 2 1 0 0 
2 0 0 0 2 0 0 0 2 0 2 1 0 2 0 0 1 0 2 0 2 1 1 2 2 2 2 2 0 1 2 2 2 0 0 1 1 0 2 2 2 2 2 0 0 0 0 0 2 2 2 0 1 1 0 1 2 0 1 0 0 2 1 0 2 
1 2 0 2 1 1 1 1 1 0 2 2 2 0 2 0 1 1 0 1 1 0 2 0 0 0 0 2 0 1 2 2 2 1 0 2 2 1 1 1 2 1 1 0 0 1 0 1 2 0 1 0 1 0 0 2 2 1 1 0 1 2 1 1 1 
0 0 2 2 0 0 0 0 0 0 1 0 0 0 1 2 2 2 2 0 2 1 2 1 2 1 2 0 1 2 0 0 2 1 1 0 2 0 0 0 0 1 2 0 1 0 0 0 1 2 1 0 1 0 0 1 0 2 0 1 1 0 1 0 1 
0 0 1 1 0 0 2 2 1 2 0 2 0 0 2 0 1 1 1 1 1 1 0 0 1 0 2 0 0 0 1 1 1 1 2 1 1 2 2 0 0 0 1 2 0 1 1 0 2 2 2 1 0 2 1 1 2 2 2 0 0 2 0 0 2 
1 1 0 0 1 1 0 0 2 0 1 2 2 0 1 2 2 1 0 0 1 1 2 0 0 0 2 2 2 2 2 2 0 2 2 0 1 1 1 0 1 2 0 2 0 0 0 0 1 1 2 1 0 0 0 1 0 0 0 0 1 2 0 1 1 
2 1 0 2 0 2 1 1 0 1 1 2 2 2 2 0 2 1 2 0 2 2 1 0 2 1 2 1 0 2 2 0 1 0 2 2 2 0 2 1 0 0 2 2 1 2 1 1 1 2 1 1 0 2 2 1 1 1 1 1 0 2 1 2 0 
1 2 1 1 0 1 2 1 1 1 2 1 2 1 1 0 1 1 2 0 2 0 2 0 2 0 1 0 2 0 1 2 2 0 1 2 1 2 0 0 1 2 1 0 1 2 0 0 0 1 2 2 2 2 2 0 0 1 0 2 0 1 0 2 0 
1 0 0 2 0 2 1 2 2 0 0 1 1 2 1 0 1 1 0 0 2 1 0 0 1 1 2 2 1 2 1 0 2 2 2 1 2 2 0 2 0 0 0 1 2 0 0 1 0 0 1 1 0 2 1 2 1 2 0 1 2 2 2 1 2 
2 0 1 1 0 1 0 2 0 2 2 1 2 1 0 1 0 1 1 0 0 2 1 2 0 0 0 1 0 2 0 1 1 2 2 2 0 1 2 1 1 0 2 1 2 1 0 2 0 0 1 0 0 1 0 0 0 2 1 0 0 2 2 2 0 
1 0 1 2 0 0 1 2 2 0 0 1 1 1 1 0 1 0 0 2 0 1 0 0 0 0 2 0 2 1 0 2 2 0 1 0 2 1 2 0 0 2 0 0 0 2 2 1 2 0 1 2 2 2 1 0 0 0 1 2 1 1 2 0 2 
1 2 0 2 2 1 0 0 0 2 0 2 2 2 0 0 2 0 0 1 1 0 2 1 2 0 2 2 1 0 1 2 1 2 1 0 1 1 2 2 1 0 1 2 0 2 1 0 1 0 1 2 2 0 0 1 0 1 0 0 0 1 1 0 0 
2 1 1 2 2 2 2 0 2 2 1 2 0 1 0 1 2 1 0 2 1 0 1 2 1 2 1 1 1 1 1 1 1 0 0 2 2 0 1 1 0 0 0 0 1 1 0 0 0 1 2 2 2 2 0 1 1 0 1 0 1 1 0 2 0 
0 1 0 2 1 1 0 2 1 0 0 0 1 0 2 0 1 1 2 2 2 2 2 0 2 0 1 2 1 0 0 1 2 0 2 1 1 1 1 1 1 0 0 1 0 1 2 0 0 2 2 1 0 0 1 1 0 1 0 0 0 2 1 0 1 
0 1 1 1 0 2 1 1 1 1 2 0 1 2 2 0 1 1 2 2 0 2 1 1 0 2 2 0 0 1 2 2 0 0 2 1 0 1 0 1 2 2 2 2 1 0 1 0 0 1 1 2 1 1 1 2 1 2 0 0 1 0 1 1 1 
2 2 0 0 2 1 1 1 0 2 2 0 2 1 1 2 2 2 2 2 2 1 0 1 1 1 0 0 1 2 0 1 2 2 1 0 1 1 2 1 2 2 0 1 0 2 0 0 0 1 1 0 2 0 1 2 2 0 2 1 1 2 1 0 0 
2 2 1 2 1 2 2 1 1 2 2 0 1 2 2 2 2 1 0 1 0 1 2 2 0 2 1 2 1 1 0 1 0 1 1 2 0 2 1 1 2 1 2 2 2 2 2 2 2 2 0 2 0 2 0 0 1 1 1 2 0 1 0 0 1 
0 0 0 0 2 1 0 1 1 2 0 1 0 0 2 2 0 1 2 0 1 1 0 1 0 0 2 1 2 0 0 0 2 2 0 2 0 1 2 2 2 2 2 0 2 1 0 0 2 2 0 2 2 1 0 2 0 1 2 1 0 2 2 0 2 
2 0 1 0 1 1 2 0 2 1 1 1 0 0 1 2 0 2 0 1 0 2 2 0 0 1 2 2 2 0 1 2 0 2 0 1 1 1 2 1 2 1 2 1 1 1 0 1 0 0 2 1 2 2 2 0 2 0 1 2 2 0 0 2 2 
0 0 1 0 0 1 1 2 0 1 1 2 2 1 0 1 1 2 2 1 1 0 0 0 0 0 0 1 0 0 1 1 2 0 2 1 0 1 1 2 2 0 2 0 0 2 1 1 1 0 2 2 0 2 2 2 2 2 1 1 1 1 1 0 0 
1 0 1 0 0 0 1 0 2 1 2 1 0 2 0 1 0 0 1 0 0 1 2 1 2 1 1 1 1 0 1 1 1 1 2 0 2 2 2 0 1 0 1 2 0 0 1 1 1 0 1 0 1 0 0 2 1 1 2 1 2 2 2 1 2 
2 2 2 0 2 1 2 2 2 0 1 2 2 2 2 2 1 1 2 2 2 2 0 1 1 1 1 0 2 0 1 0 2 0 1 0 1 1 2 1 1 0 2 1 0 0 2 0 1 0 2 0 0 1 2 1 1 2 0 2 2 2 1 2 2 
1 0 2 2 1 1 0 2 0 2 0 0 2 1 1 0 1 0 1 0 1 1 0 0 0 0 0 0 1 2 2 1 2 1 1 1 2 0 0 2 0 0 1 2 1 2 2 2 2 2 2 0 2 1 2 1 2 1 2 0 2 1 1 1 0 
0 2 2 2 1 2 0 1 2 0 2 0 1 0 0 0 1 2 0 2 0 2 0 1 1 0 0 1 2 2 2 1 0 1 1 1 1 2 2 1 1 2 1 2 1 1 2 2 2 2 2 1 2 0 0 0 2 0 1 0 2 1 2 0 0 
1 0 0 1 2 1 0 0 1 2 2 2 1 1 0 1 1 1 0 1 0 2 2 2 1 2 0 2 2 2 1 1 1 0 2 2 0 1 0 2 2 1 0 1 0 1 0 2 2 2 0 0 1 0 0 0 0 2 2 1 0 1 1 0 1 
0 0 1 2 1 1 2 0 2 0 1 1 0 0 1 2 1 0 1 0 1 2 2 2 2 2 1 2 0 1 0 0 2 1 1 0 0 1 2 0 1 2 0 0 0 0 2 0 1 1 1 2 2 0 2 1 1 0 2 0 1 2 2 1 2 
2 1 2 2 1 1 0 1 2 1 0 2 2 2 2 2 2 2 2 1 2 2 0 1 2 2 0 0 0 1 1 0 1 1 2 1 1 0 1 0 1 0 2 2 1 0 0 2 2 1 0 2 2 2 1 1 1 0 1 2 2 1 2 0 0 
0 1 0 2 0 2 0 1 0 1 0 1 0 1 1 1 2 2 2 1 1 2 1 1 1 2 1 2 2 0 1 1 0 2 0 1 2 0 2 1 1 1 0 0 0 1 0 2 0 0 0 1 1 0 1 1 1 1 0 2 2 0 1 0 2 
0 1 2 2 2 0 1 2 1 1 2 1 1 2 1 2 0 1 1 1 2 0 1 0 1 1 2 2 1 1 0 1 2 2 1 1 0 1 1 2 1 0 1 0 1 1 1 2 2 1 1 2 1 2 1 0 2 1 0 1 1 0 0 0 1 
1 2 1 2 1 1 1 2 2 1 0 0 1 0 2 1 1 0 0 1 0 1 2 1 1 0 1 0 0 1 0 2 1 0 1 1 2 0 0 2 2 0 1 0 2 2 2 0 1 0 0 2 1 0 1 1 2 0 2 0 0 2 1 1 2 
2 0 0 0 0 1 1 1 0 1 1 1 0 1 1 0 1 2 0 2 1 0 2 1 2 2 0 0 0 2 0 2 2 1 2 2 1 1 0 1 1 2 1 2 2 1 0 0 2 0 2 0 0 2 0 1 0 1 1 1 0 2 2 1 2 
1 2 0 0 0 2 1 2 2 2 2 1 1 1 2 2 0 1 0 0 0 0 1 0 0 2 2 1 2 1 2 2 2 0 2 0 1 0 1 1 1 0 1 0 2 2 0 0 2 1 2 2 0 2 0 1 1 1 0 1 1 0 2 0 0 
2 1 2 2 0 0 1 0 2 0 1 1 1 0 2 2 0 1 0 2 2 1 0 2 2 1 2 2 0 0 2 0 1 1 1 1 1 2 0 0 2 0 0 1 0 0 0 1 1 1 0 1 1 0 1 2 0 1 1 0 0 2 0 2 0 
1 1 2 0 0 2 0 2 1 0 0 2 1 0 1 1 0 2 0 0 1 0 0 2 1 1 0 1 0 1 0 2 0 1 0 1 0 1 1 2 2 0 1 2 0 0 1 2 2 0 2 0 2 2 0 1 0 1 1 2 2 1 2 1 0 
2 1 1 1 0 2 2 1 0 2 0 1 1 0 2 1 2 1 1 1 1 0 1 0 2 0 2 1 1 2 1 2 2 2 0 2 1 1 0 2 0 0 0 0 2 1 2 2 0 0 0 0 1 1 0 0 2 1 2 0 1 1 2 2 0 
1 0 2 1 2 2 0 0 0 1 1 0 1 2 0 2 0 1 0 1 0 1 0 1 2 0 1 1 2 0 1 0 2 0 1 2 2 0 2 2 1 2 0 0 1 0 2 0 2 0 1 1 1 0 1 0 0 1 2 1 2 1 1 0 1 
1 2 1 0 2 2 2 0 1 0 2 2 2 1 0 0 0 1 1 0 1 1 1 0 0 1 0 0 2 0 2 2 0 0 2 2 2 2 2 2 2 0 0 1 0 2 0 1 1 1 0 1 1 0 0 0 0 2 2 2 1 0 0 0 0 
1 2 0 1 0 1 2 2 2 2 1 2 1 0 2 1 2 0 1 1 1 2 1 2 0 1 2 2 2 0 2 1 0 2 2 1 1 0 2 1 2 0 1 2 2 0 1 1 0 1 1 2 1 0 0 1 1 2 2 0 1 1 0 1 1 
1 1 0 1 0 0 1 1 2 1 2 0 1 2 1 1 2 1 2 1 1 0 2 0 0 0 2 1 2 2 2 2 0 2 1 2 1 0 2 2 2 2 1 2 2 0 1 1 0 0 1 2 1 1 0 2 2 1 2 1 2 2 1 1 1 
2 1 2 1 0 2 1 0 0 2 0 0 1 2 1 2 2 2 1 1 1 2 0 0 1 2 1 0 1 1 1 1 0 0 1 2 0 1 2 0 2 1 0 0 2 0 0 0 1 2 1 1 2 2 2 0 2 1 1 2 0 0 0 2 2 
1 2 0 0 0 1 1 2 0 0 2 2 0 1 2 1 2 0 0 0 0 0 1 0 2 2 2 1 1 1 0 1 0 2 1 0 1 2 2 0 2 1 2 1 0 2 2 1 0 0 1 0 0 2 1 1 1 2 2 0 2 1 0 0 0 
2 1 2 2 1 0 1 2 1 2 1 0 2 0 2 0 1 2 0 1 2 1 2 2 2 0 0 2 2 2 1 1 2 0 2 2 0 0 2 2 2 1 2 0 2 0 2 2 1 2 1 2 0 0 2 0 0 2 1 0 2 0 1 0 0 
0 0 2 2 1 0 2 0 0 2 1 0 2 2 1 1 2 1 2 2 2 2 1 1 1 1 0 1 0 0 1 1 1 1 1 0 0 1 0 2 0 1 2 1 2 2 1 2 0 2 0 2 1 2 1 1 0 0 2 2 1 0 2 1 2 
1 0 0 0 0 2 0 2 0 1 0 1 2 1 0 2 1 1 2 0 1 0 2 2 1 1 2 0 1 0 2 0 2 0 0 1 1 2 1 2 2 1 2 1 2 0 0 1 2 1 2 2 2 2 0 0 0 2 0 2 2 1 0 2 1 
0 0 0 0 0 2 2 2 2 0 0 1 0 1 2 0 0 2 2 0 1 0 0 2 0 1 2 2 1 1 1 2 1 2 2 1 2 1 0 0 2 2 1 2 0 0 1 2 2 1 1 0 1 0 0 0 2 2 0 2 0 0 1 1 1 
0 1 2 1 1 0 0 2 0 1 0 0 0 0 1 1 1 2 0 0 1 1 2 1 0 2 2 2 2 2 0 2 2 1 2 2 1 2 2 2 2 2 2 0 0 2 2 2 2 2 0 0 2 2 2 2 2 0 0 1 2 1 0 1 0 
0 2 1 0 1 0 1 0 1 2 0 1 2 1 2 2 1 2 1 0 0 1 0 2 1 2 0 2 0 1 1 2 2 2 1 0 2 1 0 1 2 0 1 0 2 0 1 0 1 0 1 0 2 1 2 2 0 1 1 2 0 1 2 0 2 
1 0 2 0 2 2 0 0 1 1 0 0 2 1 0 2 2 2 1 0 2 0 1 1 1 0 1 2 2 1 2 2 1 1 1 2 2 2 0 2 1 2 0 1 1 2 2 1 0 0 0 0 1 1 0 0 0 1 2 1 2 0 2 2 1 
2 2 2 1 1 1 2 0 0 0 2 1 0 0 2 2 1 0 2 0 2 2 2 1 1 1 1 2 2 2 0 2 0 1 0 2 2 1 2 2 2 1 2 0 0 2 0 1 2 0 0 2 0 0 0 1 2 2 0 0 1 2 1 1 2 
