377 84
74746 85469 77815
85469 597839 924788
77815 924788 127986
2 2 1 2 2 0 1 0 1 2 2 1 1 0 1 1 1 2 2 1 0 1 2 2 2 2 2 2 1 2 0 0 0 1 1 1 2 1 2 2 1 1 1 2 0 2 0 1 1 0 0 1 2 0 2 2 1 1 0 1 0 1 2 0 1 1 2 2 1 1 0 2 1 1 1 0 2 0 1 1 1 0 1 1 
1 2 0 1 2 2 1 0 1 1 1 2 1 1 2 1 1 2 2 0 0 0 0 0 1 0 2 0 1 0 1 1 1 1 0 0 1 2 0 0 1 2 0 1 1 0 0 0 2 0 2 1 2 0 0 1 2 0 0 2 0 0 2 1 0 1 2 2 2 2 1 0 2 1 2 0 0 0 1 1 0 0 1 1 
2 0 1 1 0 1 2 0 2 2 0 1 2 1 1 1 0 0 2 1 0 1 1 1 1 2 0 1 2 0 0 2 1 2 1 1 2 2 0 1 0 1 0 2 1 0 2 1 1 0 1 0 1 2 1 2 0 0 1 0 0 2 1 1 0 2 1 0 2 1 1 2 1 0 0 2 0 1 0 2 1 1 1 2 
1 1 2 0 2 0 2 1 0 1 0 2 1 2 0 0 1 2 2 2 1 1 1 0 0 1 0 2 1 0 1 0 1 1 1 1 2 1 1 2 1 2 0 0 0 0 0 0 2 0 1 0 2 2 0 1 1 2 0 0 0 0 1 2 1 0 0 2 1 0 2 0 0 2 0 2 2 0 2 2 2 1 0 2 
0 0 0 0 1 2 1 0 1 0 1 1 1 0 0 1 2 2 1 2 2 2 1 0 2 2 1 0 0 2 1 1 1 0 0 1 0 0 1 0 2 2 1 2 2 0 2 0 0 2 1 0 1 0 2 2 0 0 1 2 1 1 2 0 1 0 2 0 2 0 0 1 2 1 2 2 0 1 2 1 2 0 1 0 
2 2 1 2 1 2 0 2 1 0 1 2 2 0 2 0 1 2 0 2 0 0 2 1 1 2 2 2 2 0 0 1 0 0 1 1 2 1 0 0 0 2 1 0 0 1 1 1 0 1 0 0 0 2 2 0 0 2 0 0 1 0 2 0 1 1 1 0 0 0 0 1 1 2 0 2 2 1 1 2 1 2 1 0 
1 2 1 1 2 0 0 1 1 1 1 0 0 2 1 2 1 2 2 0 1 1 2 2 0 0 1 1 2 1 2 1 2 1 2 0 1 2 2 1 0 1 2 2 2 0 1 0 0 2 2 1 2 0 0 1 0 1 2 0 2 0 0 0 1 0 2 2 2 0 2 2 1 1 1 1 0 1 1 2 0 0 0 2 
1 1 0 1 2 1 2 2 0 0 1 2 1 1 2 2 2 1 2 2 2 2 1 0 1 2 1 0 0 1 0 1 1 2 2 2 0 0 1 2 1 0 1 2 2 2 0 1 0 0 2 1 1 0 0 0 0 0 2 2 0 2 0 0 2 0 2 1 1 0 2 1 0 1 0 0 0 2 0 1 1 2 0 1 
1 2 0 2 2 1 1 2 2 1 2 0 1 0 1 1 1 2 0 0 0 2 0 0 0 0 1 2 0 2 0 0 2 2 2 2 1 2 1 1 0 0 0 2 2 0 1 0 2 2 1 2 0 1 2 1 1 0 2 1 1 0 1 2 1 1 1 0 0 1 1 0 0 0 0 1 2 2 1 0 2 2 0 2 
0 2 0 1 1 1 0 1 1 0 1 0 0 1 0 0 2 2 1 2 2 2 1 1 1 1 1 2 0 0 2 1 2 1 2 1 0 1 2 0 0 1 0 0 1 0 1 2 2 1 0 1 0 2 2 1 0 1 1 1 0 0 0 0 2 1 2 1 0 0 2 1 0 0 1 0 1 1 0 2 2 0 2 2 
2 2 1 0 0 1 0 0 2 1 0 0 0 1 0 2 0 0 2 1 1 0 1 1 0 2 1 1 1 0 0 1 0 1 2 2 2 1 1 0 1 2 0 2 2 0 1 2 2 1 2 1 2 2 0 0 0 1 2 2 2 0 2 2 0 0 0 2 2 0 1 2 1 2 0 2 2 1 1 0 0 1 0 0 
1 0 0 1 2 2 0 1 2 1 2 0 2 1 0 0 0 2 1 2 0 2 1 2 1 0 2 1 1 1 0 1 0 1 1 1 2 0 1 1 0 0 0 1 0 2 1 1 1 2 2 2 0 0 1 0 1 1 1 0 0 0 1 2 2 1 2 0 0 0 2 0 1 0 1 1 2 0 2 0 1 1 1 2 
1 1 0 2 2 0 0 2 1 2 1 1 1 2 0 1 2 0 1 2 0 1 1 1 1 1 2 1 1 2 2 0 1 1 0 2 2 1 0 2 0 0 2 2 2 1 1 0 2 1 2 1 1 0 2 0 0 0 2 0 2 1 0 0 0 2 1 2 1 0 1 1 2 0 1 0 2 1 0 0 1 1 1 2 
2 1 0 2 1 0 1 2 1 2 2 2 1 1 2 1 1 2 1 1 2 2 1 0 0 1 1 0 2 1 1 1 2 0 0 0 2 2 0 0 0 1 2 0 0 2 1 1 0 0 0 2 2 1 0 0 1 2 2 1 1 0 2 0 1 2 1 1 1 2 0 2 1 2 1 2 2 0 1 2 0 0 1 2 
0 2 0 0 1 0 0 1 1 2 0 2 2 1 1 2 1 0 2 2 1 0 2 1 0 1 2 2 0 1 2 0 1 1 2 1 1 0 1 0 0 1 2 0 0 1 1 1 0 0 2 0 0 1 2 2 0 2 0 1 2 2 1 0 0 2 0 2 2 1 2 2 1 2 0 2 0 0 2 0 1 0 0 0 
0 2 1 1 0 1 0 1 1 1 0 2 0 0 0 1 1 2 1 2 2 0 1 1 1 1 0 2 2 1 0 2 1 0 0 2 2 2 0 2 2 0 1 1 0 0 2 2 0 2 2 1 2 2 1 0 0 2 1 1 0 2 1 2 1 1 0 2 0 1 1 2 0 2 0 2 2 0 2 2 1 0 2 1 
1 2 0 2 0 2 0 1 0 1 0 1 2 1 1 2 1 0 0 2 2 0 2 0 2 2 2 2 0 2 0 0 2 2 0 0 0 0 0 0 2 2 2 2 0 2 0 1 0 2 2 0 1 0 0 1 2 1 0 1 2 0 0 0 1 1 1 1 1 0 0 1 0 0 1 0 1 2 0 0 2 2 1 0 
1 2 1 1 2 1 0 0 2 0 0 1 2 1 2 0 1 1 1 0 1 2 2 1 2 1 1 2 2 1 0 1 2 1 0 1 0 2 0 1 1 0 2 2 2 1 0 2 0 1 0 1 0 2 2 1 2 2 2 1 1 1 2 2 1 2 2 2 2 2 0 1 2 2 1 2 0 1 1 2 2 0 0 0 
0 2 1 0 2 1 1 0 0 1 2 0 1 2 2 0 0 2 2 2 1 1 2 0 2 1 1 1 2 1 0 2 2 0 0 1 2 0 2 0 2 2 2 0 0 2 2 2 2 0 1 2 1 1 0 1 2 1 0 0 1 1 1 0 1 1 1 2 0 0 0 0 1 2 0 0 1 2 2 0 2 2 1 2 
0 2 0 0 0 1 2 2 2 1 0 0 2 2 0 2 0 0 1 2 1 1 1 2 2 2 2 1 2 2 1 0 2 1 0 2 1 2 2 0 2 0 0 0 1 1 0 0 2 0 1 2 0 2 1 0 0 0 0 1 1 1 1 0 1 0 1 1 2 2 2 1 1 2 1 0 1 0 2 2 0 0 2 1 
0 1 1 2 0 2 1 2 1 2 2 2 0 0 0 0 2 1 1 2 0 1 0 0 2 0 2 1 2 2 1 0 1 2 0 1 2 1 0 2 2 0 2 2 0 0 0 2 2 1 0 2 1 1 0 1 2 1 2 2 0 1 0 2 0 0 1 1 0 1 1 1 0 2 1 2 1 0 1 0 0 2 0 0 
2 1 0 1 0 1 1 1 2 2 1 1 2 2 1 2 0 0 0 0 2 0 1 2 1 2 1 2 0 1 0 1 1 0 1 1 2 0 1 1 1 2 1 2 2 2 0 1 1 2 2 1 2 2 1 1 1 2 0 1 0 1 1 2 0 0 2 0 2 1 0 1 1 0 2 2 0 2 0 2 2 1 2 2 
2 1 1 1 2 1 2 2 2 1 2 2 2 0 1 1 0 2 0 0 2 0 0 2 1 1 0 2 2 0 2 0 2 1 0 1 2 1 0 1 2 0 2 1 0 0 0 1 0 2 1 2 0 2 1 1 0 0 2 2 1 1 0 2 2 2 2 0 1 2 0 0 1 1 1 0 1 2 1 1 1 1 1 2 
2 1 1 1 2 0 2 0 0 2 0 0 1 2 2 2 1 2 1 0 2 0 0 0 1 1 1 0 2 0 2 0 1 0 2 1 2 1 2 0 2 0 0 2 1 1 0 1 2 1 2 2 0 2 1 1 1 1 2 2 1 1 2 1 0 1 2 2 1 1 0 0 0 1 2 0 1 1 1 0 2 1 0 1 
2 1 2 0 2 0 1 1 2 2 2 1 2 0 0 1 2 0 2 1 2 0 1 2 0 0 1 0 0 0 1 2 1 0 2 1 2 0 0 1 1 1 1 0 2 2 2 2 1 1 0 0 2 0 0 2 2 2 1 0 0 1 0 2 2 1 2 0 2 0 0 1 0 2 1 1 1 0 2 0 0 1 2 1 
1 1 2 1 1 2 2 1 0 0 0 2 0 2 1 2 0 2 0 2 0 2 2 2 1 0 0 1 2 1 0 2 2 2 0 1 0 0 2 2 0 2 0 0 0 1 0 0 1 0 0 2 2 1 0 0 0 2 1 0 2 0 0 1 2 2 1 2 2 1 0 1 1 0 1 1 2 1 1 2 0 2 1 2 
2 2 2 1 2 0 0 1 2 0 2 0 0 1 1 2 0 2 1 1 0 1 0 2 2 0 0 1 0 1 0 2 0 1 2 2 0 0 1 1 1 2 1 0 1 0 2 0 1 1 1 1 0 2 1 1 1 0 0 1 1 0 0 1 0 1 1 0 0 0 2 0 0 0 2 1 0 1 2 2 1 2 0 2 
0 2 0 2 2 0 1 1 2 0 0 2 2 2 0 1 2 0 2 2 0 0 2 2 1 2 0 1 2 2 0 0 2 2 2 1 0 1 0 2 1 2 0 2 0 1 2 0 2 0 2 1 0 1 2 1 0 0 0 0 1 0 2 2 2 2 2 1 1 0 2 0 2 2 0 2 2 1 0 1 0 2 2 1 
1 0 2 0 2 2 0 0 0 2 0 1 2 0 1 2 1 0 1 1 2 0 2 1 2 0 0 0 1 2 1 0 2 2 1 1 2 0 1 2 1 2 2 0 1 0 2 2 1 2 2 0 2 0 0 2 0 2 1 2 1 0 1 1 2 0 1 2 2 2 1 2 2 2 1 1 0 0 2 2 2 0 1 2 
0 0 1 0 1 2 2 1 1 1 2 1 1 1 1 0 1 1 1 0 2 2 2 0 0 2 0 0 1 0 0 2 1 1 2 0 2 1 2 1 2 0 2 2 0 2 2 1 2 0 2 1 2 1 0 2 0 2 0 2 2 0 0 1 0 0 0 1 1 2 2 1 0 0 1 0 0 0 1 2 0 1 1 1 
1 0 1 1 0 1 0 0 1 1 1 1 2 2 2 0 0 2 0 0 1 1 1 2 0 1 0 0 0 0 0 0 0 1 1 1 2 0 0 2 0 2 2 2 1 2 2 1 0 1 2 1 0 0 2 0 2 2 1 2 1 0 2 1 1 1 2 0 1 1 2 2 2 2 1 1 0 0 0 1 1 1 0 2 
1 0 0 2 2 0 1 1 2 1 1 2 0 0 2 1 2 0 1 0 0 1 1 2 1 0 2 0 1 1 2 0 0 0 1 0 1 0 0 2 2 0 0 1 2 0 2 2 0 0 1 2 0 1 0 1 2 1 0 0 2 1 0 0 2 2 0 0 2 0 1 1 0 1 2 1 2 1 1 1 1 0 1 2 
2 0 1 1 1 2 1 2 1 2 0 0 1 0 1 0 1 0 2 2 0 0 1 1 2 2 2 0 1 1 0 2 2 0 0 1 2 2 1 0 1 2 0 1 2 0 0 1 2 2 1 1 0 0 0 1 2 2 1 0 1 1 1 2 2 1 2 1 1 2 2 1 0 0 0 0 1 1 2 2 2 1 0 0 
0 1 2 1 1 1 1 2 1 1 2 2 0 0 0 2 0 1 2 2 0 1 0 2 0 2 0 0 2 1 1 0 1 1 2 2 0 0 1 2 1 0 2 0 1 2 2 2 0 2 2 1 0 0 1 0 0 2 0 2 1 1 0 0 0 0 2 1 2 2 0 0 1 2 2 2 2 1 0 1 2 1 2 2 
1 0 0 2 0 0 1 0 1 1 1 2 1 0 1 2 2 1 2 2 0 0 0 1 1 2 2 0 1 0 2 0 1 1 1 0 0 1 2 1 0 1 2 2 1 2 2 2 0 2 0 2 1 0 1 1 2 2 2 0 1 0 2 2 2 2 1 1 1 2 2 1 2 2 2 2 0 1 2 2 2 1 1 2 
1 0 2 1 2 0 2 0 1 2 1 2 0 2 1 2 2 1 0 0 1 1 0 0 1 0 1 2 0 0 2 0 0 0 0 2 2 2 0 1 0 0 2 2 2 2 0 1 2 0 2 2 1 1 0 1 2 0 0 0 0 1 2 2 2 0 0 2 2 0 0 2 0 0 1 0 0 2 2 0 2 2 2 0 
1 0 1 0 1 2 0 0 2 1 0 1 0 0 1 2 1 0 0 2 0 1 2 0 0 1 2 0 0 0 2 0 2 0 2 2 0 1 1 1 2 2 0 1 0 2 0 1 2 0 1 1 2 2 2 1 2 0 2 2 1 1 1 1 0 1 0 2 2 1 2 0 2 0 1 0 0 2 0 0 0 2 2 0 
2 2 2 0 0 1 0 0 2 2 1 2 2 0 1 0 0 2 0 0 2 2 2 1 2 2 0 1 2 1 0 0 1 1 2 1 1 0 0 0 2 2 1 2 1 1 1 0 0 2 2 1 0 2 0 2 0 0 1 0 0 1 2 2 1 0 1 2 2 2 1 0 2 0 2 2 1 1 1 2 0 0 2 0 
1 2 0 2 2 0 1 0 0 1 2 1 1 2 0 1 1 2 2 1 1 0 0 1 0 1 0 0 2 2 0 1 1 0 2 0 1 1 0 0 1 0 2 1 0 0 0 1 0 0 0 0 2 2 1 1 2 2 2 0 0 0 1 1 2 1 0 1 0 2 2 0 0 2 0 0 1 0 1 2 2 0 2 1 
0 0 2 1 2 2 0 1 2 1 0 2 2 2 0 0 1 0 2 2 2 0 2 1 0 0 2 1 0 0 2 1 0 1 0 0 1 1 1 1 1 2 1 1 1 2 0 2 2 2 0 0 2 2 0 1 0 1 0 2 0 2 1 2 2 1 1 0 1 1 2 2 1 0 1 1 0 0 2 1 2 0 0 0 
0 1 0 0 1 1 1 0 0 1 0 1 0 0 0 0 1 2 0 2 0 0 1 1 2 2 0 1 2 2 2 2 2 2 0 0 2 2 1 0 2 2 1 0 0 0 1 0 2 0 1 0 0 0 1 0 2 0 1 0 1 2 2 1 1 2 1 2 1 0 0 0 1 1 2 2 0 2 2 2 2 0 1 1 
0 0 2 0 0 2 1 0 0 1 1 0 1 1 0 1 1 2 0 0 0 2 0 1 2 2 2 2 2 0 0 2 2 2 1 2 2 2 0 0 2 0 0 1 0 2 0 2 0 1 2 0 1 1 2 2 0 0 1 2 1 2 2 0 1 1 0 0 2 1 1 1 0 2 0 0 0 0 0 2 1 0 0 1 
2 1 2 0 0 2 2 0 0 2 1 1 1 1 0 2 2 2 1 2 2 1 1 1 1 2 1 1 0 0 0 0 1 0 1 0 1 0 2 0 1 2 1 1 1 1 0 2 0 2 0 1 2 0 1 2 1 0 2 0 2 0 2 2 0 1 1 2 2 1 0 1 0 0 0 0 1 2 0 0 2 0 2 0 
2 2 1 2 2 2 0 2 1 0 1 1 1 2 2 0 2 0 1 2 1 2 1 1 1 0 0 1 1 1 2 1 1 2 1 0 2 1 1 2 1 1 1 1 0 2 1 0 1 2 2 1 2 0 0 1 1 2 2 2 1 1 0 0 2 0 2 0 1 0 2 1 2 1 1 1 0 0 0 1 1 2 0 1 
2 1 2 2 1 2 1 2 0 1 0 1 1 2 2 2 0 0 1 2 1 1 1 0 1 0 0 1 1 1 2 1 1 2 2 2 2 0 1 0 2 1 1 2 0 0 0 1 1 1 2 1 0 0 0 0 0 2 0 0 0 2 1 1 0 1 2 0 0 2 1 2 1 0 2 2 0 1 1 0 0 1 1 1 
2 2 2 0 0 0 1 1 1 2 1 1 2 1 1 0 2 1 1 1 1 2 2 1 1 2 1 1 1 0 2 1 2 0 2 0 0 1 2 0 0 2 2 0 2 1 1 0 1 1 0 2 1 1 0 2 1 0 0 1 2 0 1 2 2 1 1 0 2 1 1 1 0 2 0 0 2 1 2 1 0 0 0 1 
0 1 0 0 1 1 1 0 1 0 0 2 2 0 2 0 1 2 2 0 2 2 1 0 2 0 2 1 0 0 0 0 1 1 1 0 0 1 0 0 0 0 0 1 0 1 1 0 1 0 0 0 2 1 1 2 2 2 1 2 2 1 1 2 0 1 1 1 0 2 0 1 1 2 2 0 2 1 0 1 2 0 1 1 
0 0 1 1 0 1 2 0 2 0 2 2 1 1 2 1 0 1 0 1 2 2 0 0 2 2 0 1 1 1 0 0 1 1 0 1 0 2 1 0 1 2 1 1 2 2 0 1 1 0 1 1 2 2 1 0 0 2 0 2 0 1 1 2 1 2 2 2 1 0 1 2 1 1 1 1 0 1 1 1 0 2 0 1 
0 2 0 2 2 1 1 2 0 1 0 2 2 2 2 2 2 1 2 2 0 1 1 2 0 0 1 2 1 0 0 0 1 1 2 1 0 0 1 1 2 1 0 2 2 2 1 2 1 1 2 1 1 2 0 2 0 1 2 2 2 1 2 0 2 2 2 1 2 0 2 0 2 2 1 0 0 1 0 1 2 0 1 2 
2 2 2 0 1 2 0 2 1 1 2 2 2 0 0 2 0 0 0 2 2 2 1 0 0 1 1 2 0 2 2 2 1 1 2 2 0 2 2 0 2 1 2 2 0 2 0 0 1 0 2 2 0 2 2 2 1 0 1 2 2 2 2 1 0 2 1 2 0 2 2 1 2 2 2 2 2 2 0 2 2 2 0 1 
1 1 0 1 0 0 2 2 1 0 2 0 0 2 1 1 2 0 2 0 2 0 1 0 1 2 0 2 0 0 2 2 2 2 0 2 1 0 1 1 2 1 0 2 1 2 1 1 0 1 1 1 0 2 2 2 0 0 1 0 1 2 2 0 0 2 2 0 1 2 1 1 1 1 1 0 0 1 1 2 2 0 2 2 
2 2 1 0 1 2 2 0 1 1 1 0 0 2 1 2 0 2 2 0 2 0 1 2 0 1 0 2 0 1 0 0 1 0 0 0 2 2 0 1 0 1 1 2 1 0 1 1 0 1 2 2 0 0 2 1 0 2 1 1 2 0 2 0 2 0 2 1 2 1 0 0 1 2 2 0 1 2 1 0 0 1 0 2 
2 0 0 0 1 2 1 2 0 0 2 2 2 2 2 1 1 2 2 2 1 1 1 1 0 1 0 2 2 1 0 2 2 1 0 0 2 1 0 0 2 0 0 2 2 2 2 1 0 2 0 1 0 0 0 0 2 2 2 2 0 0 1 2 2 1 0 0 2 0 1 1 1 1 0 0 2 2 1 1 1 1 0 0 
1 2 1 2 1 1 2 2 0 0 1 1 1 1 2 0 0 0 0 2 0 2 0 1 0 1 2 1 2 1 2 0 0 1 0 2 2 2 0 1 1 0 2 2 1 2 0 2 2 2 1 1 1 0 0 0 1 1 1 0 2 1 0 2 0 1 1 2 0 0 2 2 1 0 2 2 1 0 2 0 2 0 0 0 
2 2 2 2 0 1 0 2 0 0 1 2 2 1 0 2 0 0 2 2 1 0 0 2 0 0 1 0 2 2 2 1 0 0 1 0 0 1 1 2 1 2 1 0 0 0 2 2 1 2 2 2 0 0 2 1 1 0 0 2 0 1 2 1 0 0 2 2 1 2 2 1 1 2 2 0 1 2 2 0 2 0 2 2 
0 1 0 2 2 0 1 0 1 0 2 2 1 0 2 1 1 0 2 1 2 0 2 0 2 2 1 0 1 0 2 0 2 0 2 0 0 0 1 2 2 2 1 2 2 0 0 0 0 0 1 2 1 2 2 2 0 1 2 2 1 1 2 2 0 2 1 0 0 0 1 1 2 0 0 0 0 0 2 1 2 0 0 2 
0 0 0 2 1 1 0 1 2 0 1 0 2 2 2 2 2 2 0 1 0 2 2 2 2 1 2 2 1 0 1 0 2 1 2 0 1 1 2 2 1 0 1 1 2 2 0 2 0 2 0 1 1 1 0 0 0 2 2 0 2 1 1 0 1 2 1 0 1 1 1 2 1 2 0 2 1 1 0 2 2 0 1 1 
2 2 2 1 0 0 1 1 2 2 1 1 0 1 1 1 2 1 1 2 0 2 1 2 1 2 1 2 2 1 0 0 1 1 2 0 0 0 1 1 1 1 2 1 1 2 1 1 0 0 1 0 0 0 1 0 1 1 1 1 2 1 2 2 0 1 2 1 0 1 0 1 0 2 1 2 2 2 0 2 2 2 0 2 
0 1 2 0 2 2 0 2 2 2 0 2 0 0 1 1 1 1 1 1 1 1 0 0 0 0 1 0 2 1 0 2 2 2 0 0 0 2 1 0 1 2 0 1 2 0 0 1 1 1 0 0 1 0 2 1 0 1 2 2 2 0 1 2 0 2 1 0 2 1 0 2 0 2 0 0 1 2 2 1 1 0 1 2 
2 2 1 0 0 0 2 2 0 0 2 0 1 2 1 0 0 0 1 0 0 2 0 2 0 0 0 2 2 0 2 0 1 0 1 2 0 0 0 2 0 1 0 2 2 2 2 1 1 0 1 0 1 2 2 2 1 0 0 2 2 1 2 0 2 0 0 0 0 1 0 0 2 1 1 2 0 2 1 0 2 2 1 2 
0 0 0 1 2 1 0 1 1 0 1 1 1 0 2 0 1 1 0 2 0 0 0 0 1 2 0 1 1 0 1 2 1 2 2 2 2 0 1 0 2 1 2 0 1 1 1 0 2 1 0 2 1 1 0 0 1 1 2 0 0 2 0 2 1 2 2 1 0 2 0 0 0 1 2 2 0 0 2 0 1 1 1 2 
0 1 0 2 0 2 1 1 2 0 2 0 0 2 2 0 2 0 2 2 2 2 1 2 0 2 2 2 2 2 2 0 1 2 0 2 1 0 1 2 2 1 0 1 1 1 0 1 0 2 0 1 0 0 2 2 1 1 2 0 2 1 1 2 1 2 1 2 1 1 2 0 0 0 0 2 1 1 0 1 2 0 2 1 
1 2 1 1 2 1 1 0 0 0 2 0 0 2 0 0 0 0 2 2 0 2 2 1 0 1 0 2 0 1 2 2 2 1 1 0 2 0 1 0 0 1 0 0 2 0 1 2 1 1 1 2 1 0 1 0 0 0 2 0 0 2 2 2 2 2 0 0 0 0 0 2 1 0 2 1 2 2 0 2 1 2 2 1 
2 1 0 0 2 2 2 1 1 0 0 1 0 0 0 1 1 2 1 0 0 1 1 0 2 0 0 2 1 0 1 1 1 0 1 0 0 1 2 0 2 0 1 2 2 1 2 1 2 0 2 1 2 1 2 1 2 2 1 2 1 0 2 2 0 2 0 0 0 2 0 2 1 0 1 0 0 2 1 1 1 2 2 0 
2 0 1 2 1 1 0 0 0 1 2 0 1 0 2 0 2 2 0 2 2 1 2 0 1 2 0 1 1 2 0 0 1 2 1 2 1 2 0 2 2 2 2 1 0 2 0 0 2 2 1 2 0 1 0 1 1 2 1 2 0 2 1 1 1 2 1 2 0 0 0 1 1 1 2 0 1 1 1 2 1 1 1 1 
0 0 2 2 2 2 2 1 0 2 2 0 2 2 1 2 1 1 0 2 1 0 2 2 2 0 2 1 2 2 0 1 2 0 1 1 0 1 2 1 0 1 1 1 0 0 2 1 2 2 0 2 0 2 1 1 2 0 0 1 0 2 1 0 1 0 0 1 2 1 0 2 0 0 2 1 0 1 1 2 1 1 1 1 
1 1 2 1 2 1 0 0 2 1 0 1 2 0 1 0 2 0 2 1 1 0 2 1 0 1 2 2 2 0 1 1 1 2 1 2 0 2 2 0 0 2 2 1 1 2 1 0 1 0 2 2 1 2 0 0 1 0 0 0 2 0 1 2 2 1 0 1 1 1 1 2 0 0 2 0 0 2 0 0 2 2 1 1 
0 0 1 0 0 1 1 1 2 2 0 2 2 2 0 2 1 2 2 0 2 2 1 1 1 0 0 2 2 0 1 2 1 2 0 1 0 1 2 1 2 1 2 0 0 1 0 0 0 1 2 1 1 2 1 2 1 2 0 1 1 2 2 2 1 0 2 2 0 1 2 1 0 1 1 1 2 0 2 1 1 1 0 0 
0 2 1 0 2 2 1 0 2 0 1 1 2 2 2 2 2 1 2 2 2 1 1 0 2 0 2 2 2 0 1 1 1 2 0 1 1 1 1 1 2 0 0 0 0 0 1 1 1 0 2 0 2 1 0 2 2 1 2 0 0 1 1 1 2 1 0 0 2 1 2 0 2 2 2 0 1 0 0 2 2 0 1 1 
1 0 1 1 2 2 2 1 1 1 1 1 2 1 2 1 2 0 0 2 0 1 2 1 2 2 1 2 0 0 0 1 1 2 0 1 1 0 0 1 2 2 2 0 1 1 2 2 1 0 2 1 0 0 0 1 0 1 0 1 0 2 2 1 0 0 2 0 2 1 1 0 1 0 2 1 1 0 2 1 1 1 2 0 
1 1 0 1 2 2 1 2 0 0 0 2 0 2 2 1 2 2 1 0 0 0 1 2 0 1 2 1 1 1 0 2 1 1 2 2 2 0 0 0 0 1 0 1 1 1 0 2 1 2 2 1 0 2 2 0 0 1 2 2 0 0 2 1 2 1 2 2 1 1 1 0 1 2 0 0 0 1 2 2 2 1 0 0 
2 0 1 1 1 0 1 1 2 0 1 1 1 2 1 1 2 2 1 1 0 1 1 1 1 0 0 0 0 1 0 0 2 1 0 1 2 0 1 2 1 1 2 1 0 1 0 2 0 0 2 1 2 1 1 2 2 1 0 1 1 1 0 0 2 0 2 1 1 2 1 2 1 0 1 0 2 1 2 0 2 2 2 1 
2 2 0 0 1 2 1 1 2 2 1 0 2 0 0 1 0 1 0 1 1 0 0 1 2 0 0 2 1 2 2 1 0 2 2 2 2 1 2 0 0 2 2 0 2 0 0 2 2 0 0 1 1 2 0 0 2 0 1 2 0 2 1 1 0 2 1 0 2 1 2 2 1 2 1 0 0 0 1 1 0 1 0 2 
0 2 0 1 2 2 1 2 0 2 0 2 0 1 1 2 1 2 1 1 0 2 2 2 1 0 2 0 0 1 1 1 2 0 2 2 1 1 0 0 1 2 0 0 2 1 2 0 2 1 1 2 1 0 0 1 2 1 2 2 1 0 2 0 1 2 2 0 2 2 1 0 2 2 2 1 2 0 0 2 1 2 0 0 
0 1 1 0 1 2 0 0 2 1 2 2 0 1 1 0 2 2 1 2 2 0 2 2 0 1 1 0 0 2 0 2 2 1 0 1 2 0 1 0 1 2 0 1 0 1 2 1 0 2 0 2 2 2 2 0 2 1 0 1 2 2 1 2 2 2 1 2 0 2 0 2 2 0 2 0 2 0 0 2 2 2 2 0 
0 1 0 1 0 2 1 1 2 1 0 1 0 0 2 1 0 0 1 1 0 0 0 2 2 2 1 0 0 1 1 1 1 1 2 1 1 0 0 0 0 0 1 0 2 2 2 0 1 0 0 0 1 2 2 1 1 1 0 1 1 0 2 0 0 1 2 1 2 0 0 0 1 2 2 0 1 1 1 0 1 0 2 1 
0 0 0 1 2 0 2 0 2 2 1 1 1 0 0 2 2 1 0 2 2 0 0 0 1 0 0 2 0 1 0 1 1 0 1 1 0 0 0 1 2 1 2 0 2 2 0 1 2 2 2 2 2 1 2 0 1 1 1 1 0 1 2 0 0 0 1 1 0 2 0 2 2 0 2 1 2 1 0 1 1 2 2 1 
2 2 0 0 0 1 1 0 0 2 2 0 2 1 1 1 0 2 0 2 0 0 2 1 0 1 0 2 2 0 2 1 2 2 1 1 1 0 1 2 1 0 0 2 1 0 2 0 1 2 1 1 2 1 2 1 1 0 1 2 2 1 1 0 2 0 1 1 0 2 2 2 0 0 2 0 1 2 2 1 1 1 1 2 
0 2 0 1 1 2 1 2 0 2 0 1 2 2 0 1 0 0 2 0 2 0 1 2 0 2 0 1 0 1 0 2 1 1 2 0 0 1 2 2 0 0 0 0 2 2 2 1 2 1 1 0 0 1 1 2 1 2 0 1 2 0 0 1 0 1 0 0 2 0 1 2 2 0 0 1 0 0 1 0 0 2 0 2 
1 0 1 2 0 1 0 0 2 1 2 1 0 2 0 1 1 0 1 1 0 1 2 2 0 2 2 1 0 2 0 2 2 0 0 2 0 2 2 0 0 2 1 2 2 2 0 0 0 1 0 2 0 1 0 2 0 0 1 1 0 1 2 2 0 2 1 2 0 2 2 0 2 2 2 0 2 1 2 2 0 1 2 2 
2 2 0 0 2 2 0 0 1 1 2 1 0 2 0 1 2 2 0 2 1 0 1 0 0 2 1 1 0 1 1 0 2 1 2 1 2 0 2 2 1 2 0 0 2 1 2 1 1 1 2 2 1 1 1 2 0 0 1 2 1 1 0 2 1 0 0 1 0 0 2 1 0 1 1 2 0 1 2 0 0 1 1 1 
0 2 2 0 1 2 0 2 0 1 0 1 0 0 2 2 2 2 0 1 0 1 1 0 2 0 1 1 1 0 0 2 0 0 0 2 2 1 1 1 0 2 2 1 0 1 0 2 0 2 0 0 0 1 1 0 0 1 2 2 0 0 2 2 1 1 2 2 0 2 2 0 2 1 2 1 1 2 2 0 2 0 1 1 
1 1 1 0 2 1 1 1 1 0 2 1 0 1 1 1 2 0 0 0 2 0 1 0 1 1 0 1 1 0 2 1 2 2 2 0 0 2 0 1 2 2 0 0 2 0 0 2 1 1 2 0 2 0 1 1 2 0 1 1 1 0 0 2 2 2 1 0 1 1 0 2 0 0 0 1 2 0 0 0 1 1 2 2 
2 0 1 0 0 2 2 2 0 0 2 1 1 0 2 1 1 0 1 2 1 0 0 1 1 0 1 2 0 1 1 2 2 1 2 1 2 2 1 0 0 0 1 0 1 2 0 2 1 2 2 0 0 1 1 2 0 2 1 0 2 1 2 2 0 2 2 0 2 1 0 0 0 2 1 0 2 1 2 1 1 1 0 0 
1 1 0 0 0 0 2 1 0 0 0 1 0 2 0 0 2 2 0 1 2 1 0 0 0 0 2 1 2 1 1 1 2 1 2 1 1 0 0 0 2 1 0 2 2 0 1 0 1 1 1 2 0 1 0 1 1 2 1 1 1 1 0 0 2 1 1 0 1 1 0 0 1 1 0 1 1 1 2 1 1 0 0 2 
2 2 1 0 0 2 2 0 0 2 2 2 0 0 0 0 0 1 0 1 2 1 1 0 0 2 2 1 0 2 2 0 2 0 2 1 0 2 2 1 0 1 1 0 1 1 1 2 1 2 2 1 1 1 1 2 1 2 1 1 0 1 2 0 0 2 0 0 0 0 2 2 2 1 2 1 1 0 1 0 2 0 2 1 
1 2 1 2 1 2 2 0 1 0 0 1 2 2 2 0 0 0 1 0 2 0 2 0 0 1 1 2 2 1 1 0 1 0 0 0 1 1 2 0 0 1 2 1 0 1 2 0 2 2 0 1 2 0 0 0 0 2 1 0 1 0 0 0 2 1 2 2 2 2 2 1 1 2 1 2 2 0 2 2 0 0 2 0 
1 1 2 2 2 1 1 2 2 2 1 2 1 2 2 2 1 1 0 0 0 1 0 2 0 0 2 0 1 0 1 1 2 2 0 0 1 1 0 2 0 1 2 1 1 0 1 2 0 2 0 2 0 1 0 1 1 0 1 1 2 0 0 2 0 2 1 2 1 0 2 0 1 1 2 2 1 2 2 2 1 0 0 0 
1 0 2 0 2 2 2 1 1 2 2 2 2 2 2 1 2 1 0 2 0 2 0 0 1 0 1 1 0 2 1 2 2 0 0 0 1 1 1 0 1 1 2 1 2 1 0 0 0 0 0 0 2 1 0 1 1 1 2 0 2 2 1 0 0 1 1 1 2 2 2 2 1 1 2 2 2 0 1 0 2 1 2 1 
1 1 2 0 1 1 2 1 2 2 0 2 0 0 0 0 0 2 2 1 1 1 1 0 2 0 1 1 0 1 1 2 2 0 1 2 2 1 1 0 1 1 2 2 0 1 0 0 0 2 0 1 0 0 0 0 2 2 2 1 1 0 1 1 1 1 1 2 2 0 1 0 0 2 2 1 0 1 2 1 0 1 2 2 
0 2 1 2 2 0 1 2 2 1 2 0 1 2 0 2 0 1 0 2 1 1 0 0 2 2 0 1 1 1 2 2 0 2 0 2 0 0 2 1 1 1 2 1 0 0 2 1 2 0 1 0 0 0 2 2 1 2 2 0 1 2 1 2 2 1 2 2 0 1 1 1 0 0 1 1 1 1 0 1 0 1 2 2 
2 0 2 1 0 0 2 1 1 1 2 2 0 1 0 0 2 2 0 0 0 2 0 1 1 1 1 1 1 2 1 0 0 2 1 2 2 1 1 1 0 2 2 0 1 0 1 1 2 0 0 2 0 1 1 1 1 1 2 2 2 0 2 2 2 0 2 2 0 1 0 0 0 1 2 1 1 0 1 2 0 0 1 0 
2 2 1 2 2 1 2 0 0 0 1 0 2 2 0 1 0 1 0 0 2 2 2 0 2 1 1 1 2 0 0 2 1 2 0 0 0 0 1 2 2 0 0 2 1 0 0 0 1 2 0 1 1 1 2 0 0 1 0 1 2 2 0 1 2 2 1 2 0 1 1 1 2 1 0 2 1 0 2 0 0 1 2 1 
2 1 1 0 2 1 0 0 2 2 1 2 1 0 2 1 0 0 1 1 2 0 1 0 2 1 0 0 2 2 0 0 1 0 1 2 2 1 2 2 0 2 2 2 0 2 2 1 2 0 1 1 2 1 1 1 1 0 2 0 0 0 1 1 2 2 0 2 2 0 0 1 2 1 2 0 0 0 2 2 2 2 1 1 
2 2 0 1 1 0 1 1 0 1 2 2 1 1 0 2 0 2 0 1 2 0 1 2 2 2 1 2 2 0 1 2 0 1 1 0 1 1 2 2 1 1 2 1 0 2 1 1 0 0 0 1 2 2 1 1 0 2 2 0 0 2 2 1 0 1 0 1 0 0 2 0 2 1 2 2 0 2 1 1 1 0 2 0 
1 1 1 0 1 0 1 0 2 0 2 2 1 0 0 2 1 2 2 0 1 0 2 2 0 2 1 1 2 0 2 0 1 1 1 0 2 0 0 2 2 2 1 1 1 1 0 1 0 1 1 1 0 1 1 2 2 2 2 0 1 0 0 2 1 0 1 1 1 1 2 1 1 0 2 1 0 2 1 2 2 0 1 2 
1 0 1 1 2 2 1 0 1 1 2 0 2 1 2 0 1 0 1 1 1 0 2 0 2 1 1 2 0 1 2 2 0 0 0 1 1 0 2 0 2 2 1 2 2 1 2 2 1 1 2 2 1 1 0 1 1 1 1 0 2 2 0 2 2 2 2 0 2 2 0 0 2 0 1 2 2 2 0 0 1 1 1 2 
2 0 1 0 0 0 0 0 0 1 0 2 0 1 1 2 2 1 0 1 1 2 1 1 1 0 2 1 0 1 0 1 1 1 1 1 1 0 1 2 0 2 2 2 2 2 1 0 2 2 0 1 0 2 0 2 2 2 0 0 1 0 0 1 0 1 0 0 0 2 0 2 1 0 1 0 0 0 0 2 1 0 0 0 
1 1 0 0 0 0 2 1 0 1 0 0 2 0 2 0 0 2 0 0 2 1 0 1 2 1 0 0 2 1 1 1 2 0 0 2 0 0 2 0 0 1 1 2 1 0 0 0 0 2 0 1 1 1 1 0 0 2 1 0 0 0 0 0 2 2 2 0 1 1 2 0 0 2 0 1 1 1 2 0 1 2 0 2 
2 1 2 2 2 2 2 1 0 2 2 1 0 1 0 2 2 0 1 2 0 1 0 2 1 0 0 1 0 2 1 0 0 0 2 0 0 1 1 0 2 0 1 0 0 1 0 0 2 0 0 2 2 1 2 0 0 1 1 1 1 2 0 2 0 0 1 0 0 2 2 0 2 1 2 1 2 0 1 0 2 0 0 2 
1 2 1 0 1 2 0 0 0 0 0 1 0 1 2 1 0 1 1 0 0 0 1 1 1 0 0 0 1 1 1 1 2 2 0 2 2 1 1 1 0 1 2 1 1 1 1 0 0 0 1 0 1 2 2 2 0 1 2 1 0 1 1 1 0 0 2 2 0 1 2 1 2 1 0 1 2 0 0 1 1 0 1 0 
0 2 2 0 2 2 0 1 0 1 1 0 2 0 2 1 1 2 0 1 1 1 2 1 2 0 1 2 2 2 0 1 2 0 1 2 1 1 2 0 0 0 2 0 0 0 0 0 2 2 0 0 1 2 2 0 0 0 2 2 2 1 0 0 0 1 0 0 0 2 1 2 2 1 1 0 2 2 1 0 1 0 2 0 
2 0 2 1 2 1 1 2 1 1 1 0 1 0 1 1 2 2 2 1 0 0 1 2 0 0 2 1 1 1 1 0 0 2 2 1 2 0 2 2 1 0 0 0 2 1 2 1 0 0 0 0 1 0 2 0 1 0 0 2 1 1 2 1 1 2 2 1 2 1 2 2 1 1 0 1 2 2 0 2 1 1 1 1 
1 2 1 2 2 1 0 0 1 0 2 2 1 0 1 2 0 2 1 1 0 2 2 2 2 2 2 2 0 2 0 2 0 2 1 0 2 0 2 0 1 1 2 0 2 1 0 0 1 0 1 1 1 1 0 2 2 2 0 1 2 1 0 1 2 1 1 1 2 0 0 1 2 2 0 1 2 1 0 0 0 0 1 1 
0 2 0 0 2 2 2 1 0 2 1 2 0 2 1 1 0 0 0 2 1 2 0 1 1 1 2 1 1 1 2 1 1 2 2 1 1 2 2 2 1 1 0 1 1 0 1 2 0 2 2 2 1 2 0 0 0 2 0 1 1 0 2 0 0 2 1 2 1 0 0 0 0 0 0 1 0 0 2 0 0 0 0 2 
1 2 1 1 0 0 1 1 2 0 2 1 2 0 1 1 1 2 0 0 0 0 0 0 0 0 2 1 2 2 0 2 0 0 0 0 0 0 1 2 0 0 1 0 0 0 1 2 0 1 0 0 1 2 2 0 2 0 1 1 0 1 1 2 1 1 0 1 2 1 0 2 2 2 0 2 1 0 1 2 1 1 1 0 
1 0 1 0 1 1 0 0 1 0 1 2 2 1 2 0 2 2 2 2 0 2 2 0 1 2 2 0 2 2 0 2 0 0 2 1 1 1 2 1 0 2 0 0 2 2 1 0 2 1 2 1 2 0 1 1 1 0 0 1 0 0 2 0 0 1 2 0 2 0 2 0 2 0 2 1 1 2 0 0 2 1 1 2 
2 1 1 2 2 0 2 2 2 1 0 0 1 0 2 1 1 2 1 2 1 2 2 0 2 0 2 0 2 0 0 2 1 1 2 0 0 0 0 2 2 2 2 0 2 0 2 0 2 0 2 1 2 0 1 1 0 0 2 0 2 1 1 0 2 1 0 0 0 1 0 0 2 0 1 0 2 1 1 1 2 0 2 0 
1 1 2 0 2 1 2 1 0 1 2 2 2 1 2 1 2 0 2 1 0 1 2 0 2 1 0 1 2 0 2 2 2 1 0 0 2 2 0 2 1 0 2 1 2 2 2 0 1 2 1 1 0 1 1 0 0 2 2 1 2 1 0 2 0 1 2 2 2 0 2 0 0 1 0 1 0 2 0 0 2 2 1 2 
0 0 2 1 2 1 1 2 0 2 2 1 2 0 1 1 1 2 1 1 2 2 1 0 1 1 1 0 2 2 0 2 2 1 1 1 2 2 1 0 1 0 1 1 2 2 0 0 0 2 2 1 1 1 1 2 2 2 0 0 1 0 1 0 2 2 2 1 2 0 0 2 1 2 1 1 2 0 0 1 0 0 1 1 
2 0 0 0 2 1 0 2 0 2 0 1 1 2 1 1 1 0 0 2 0 2 0 0 2 0 1 2 1 1 1 2 1 2 0 1 2 0 1 1 0 2 0 0 2 0 2 0 1 2 2 0 0 0 1 2 1 2 1 2 1 1 1 1 2 2 2 1 1 0 1 0 0 0 0 2 2 1 0 2 2 1 1 0 
1 0 0 1 1 0 0 0 0 0 1 1 1 0 1 1 0 0 0 0 0 1 1 1 2 0 2 1 0 2 1 1 1 1 0 0 0 0 2 2 1 0 0 1 0 1 0 1 0 1 0 1 2 2 2 1 1 1 1 2 0 2 1 0 1 1 2 0 0 2 0 2 2 0 2 2 2 2 1 1 0 2 2 1 
0 1 2 1 2 0 0 0 1 0 2 1 2 0 2 1 1 0 2 1 1 0 0 1 1 0 0 2 0 2 0 0 2 2 1 2 2 1 0 2 0 1 2 1 2 1 2 2 0 1 1 2 1 0 0 1 1 0 0 1 1 2 1 1 1 2 1 0 1 0 2 0 0 1 1 1 2 1 0 2 0 0 2 0 
0 2 0 2 0 2 0 2 0 0 0 0 0 1 0 0 2 2 1 2 0 2 2 1 1 1 1 0 2 2 2 1 2 0 0 2 2 1 2 2 2 1 2 1 1 0 0 0 2 0 0 0 0 1 0 0 1 1 0 2 2 0 2 0 1 1 0 1 1 0 1 1 2 2 2 0 2 1 1 0 1 2 2 1 
0 1 2 0 1 2 2 1 0 1 2 2 0 1 1 0 0 1 0 0 1 2 1 2 2 1 1 0 1 1 0 2 2 0 0 0 0 0 1 2 2 2 0 1 1 1 2 2 0 0 2 2 0 0 1 1 1 1 1 1 0 1 2 1 1 0 1 0 1 2 1 0 0 0 1 2 1 0 0 0 2 2 2 2 
1 1 2 2 0 0 1 0 1 2 2 0 2 2 1 1 1 0 2 1 1 2 0 0 1 1 0 1 2 0 1 1 1 0 1 0 1 2 2 0 2 0 2 1 2 0 2 2 0 2 0 2 0 0 2 2 0 2 2 0 2 0 0 1 2 2 2 1 2 1 0 2 1 0 0 2 0 2 2 1 0 2 1 1 
2 1 0 0 2 1 0 2 2 0 1 0 2 2 1 2 2 0 0 0 2 2 2 1 2 0 0 2 1 2 0 1 1 1 2 0 0 1 0 1 2 2 0 1 2 1 2 0 1 0 0 2 2 2 1 2 1 0 1 1 0 1 0 2 1 0 2 1 1 0 2 0 2 0 1 2 1 2 1 2 0 1 1 2 
2 1 2 1 2 2 2 0 1 0 2 2 2 1 0 1 2 0 1 2 1 0 2 1 1 1 0 2 1 0 2 0 2 2 2 1 1 2 2 1 0 2 1 1 0 0 2 0 1 1 2 0 0 1 2 2 2 0 0 1 2 1 2 0 1 1 0 1 1 1 2 1 2 2 2 1 2 2 0 1 1 2 2 2 
2 2 2 1 2 1 2 2 1 1 2 1 0 1 2 2 2 0 2 2 0 1 2 0 2 2 1 0 2 2 1 0 0 1 0 2 1 2 2 1 0 0 2 2 0 0 1 0 1 2 2 0 1 1 2 1 2 2 1 2 2 2 0 2 2 2 0 1 1 0 1 1 1 2 2 2 1 0 0 2 0 0 2 1 
1 0 1 1 0 0 0 2 1 1 1 2 1 2 1 1 0 0 1 0 2 0 2 1 0 1 0 1 1 0 0 0 0 0 2 1 2 0 1 0 1 0 1 0 1 1 2 1 2 1 1 1 1 2 2 1 1 1 1 2 1 0 1 2 1 0 0 2 2 0 0 2 0 2 2 1 2 0 0 0 1 0 2 0 
0 0 2 0 0 2 0 1 1 0 0 0 1 0 0 1 1 1 0 0 2 1 2 1 1 0 0 1 2 1 1 0 2 2 2 2 2 2 1 1 1 0 0 2 0 0 1 0 0 1 2 1 1 0 1 2 2 2 2 2 2 1 1 1 0 1 2 2 0 0 1 1 1 2 1 0 1 0 0 0 2 0 2 1 
0 0 0 2 0 0 0 1 2 2 1 0 1 2 0 2 1 0 0 2 1 1 1 2 0 2 2 2 1 0 2 0 0 0 1 1 0 0 2 0 0 1 0 2 1 1 2 0 1 0 1 2 2 2 2 1 0 1 2 2 2 2 0 2 0 0 1 1 0 2 1 2 0 1 2 0 0 2 2 2 2 1 1 1 
2 2 2 1 2 0 1 0 2 1 0 1 1 0 1 2 1 2 0 1 2 1 0 1 1 0 1 1 2 2 0 1 0 0 2 1 2 0 0 1 2 1 0 1 2 0 2 2 0 2 0 2 0 0 2 1 1 0 2 1 1 2 1 1 1 0 2 2 1 1 2 1 2 2 0 0 2 1 2 2 2 2 1 2 
1 2 1 0 0 1 0 1 1 0 2 1 0 0 1 2 1 2 2 1 0 2 2 0 0 0 0 0 1 2 2 2 2 2 0 0 1 0 0 2 2 0 0 2 2 1 0 1 1 1 0 2 2 2 1 0 1 1 2 0 1 1 1 0 1 1 0 2 2 0 2 1 1 1 0 0 1 2 1 0 0 1 0 0 
2 0 1 1 2 1 0 0 0 1 2 0 1 2 2 0 0 1 1 1 2 1 0 2 0 0 0 0 1 0 2 1 1 0 1 1 2 2 1 0 2 1 0 0 0 0 2 0 1 1 0 0 0 2 1 1 1 0 2 1 2 1 2 2 2 2 0 0 2 2 1 1 1 1 2 0 0 0 1 2 2 2 2 0 
0 1 0 2 1 1 0 1 2 1 1 1 0 1 1 1 1 1 2 1 1 1 0 1 2 1 0 2 0 1 2 2 0 2 0 1 1 0 1 0 1 2 1 2 0 1 2 0 1 0 0 1 2 2 0 0 2 2 0 1 0 1 1 2 2 2 2 0 1 0 1 1 1 0 1 1 2 1 0 2 0 0 1 2 
0 1 1 1 0 2 0 0 0 1 2 0 2 1 0 0 0 0 0 1 1 0 1 0 2 0 0 2 0 2 1 1 2 2 1 0 0 0 2 1 0 2 2 2 1 0 0 2 1 1 2 1 0 1 1 0 0 2 1 0 0 0 1 0 2 1 1 0 0 1 2 1 1 0 0 0 1 2 2 2 0 1 2 0 
1 2 1 0 1 1 0 1 2 1 2 2 0 1 0 0 0 0 0 0 2 0 1 0 2 1 0 1 0 1 0 0 0 1 1 1 2 1 2 2 2 0 2 0 2 0 1 2 0 0 1 2 0 2 2 0 0 1 1 0 2 1 0 1 1 0 1 2 2 0 0 0 1 1 0 0 2 0 2 1 0 0 1 0 
2 2 0 1 0 2 0 2 1 0 0 1 1 2 0 0 2 1 2 1 0 2 0 2 1 1 2 0 1 2 1 1 1 2 1 1 1 2 2 2 2 1 1 1 1 0 1 1 1 1 2 0 1 0 2 0 1 2 1 2 0 2 0 1 0 2 2 2 1 0 0 0 2 1 0 1 1 1 1 0 0 1 2 2 
2 0 1 0 0 1 2 1 2 0 2 1 0 1 1 0 0 1 2 0 1 1 2 2 0 0 0 2 2 2 0 1 1 2 1 2 2 1 1 2 1 0 1 0 2 1 0 0 1 2 0 0 0 2 2 0 2 0 1 0 2 2 0 0 2 0 1 2 0 1 0 2 0 2 0 2 2 2 1 0 1 1 0 2 
1 0 1 0 2 0 0 1 0 1 2 0 2 1 2 1 0 1 1 0 2 1 0 1 1 1 1 0 0 0 2 0 0 2 1 2 1 0 1 1 2 0 1 2 0 2 0 0 0 2 1 0 2 1 0 2 1 0 2 0 2 0 1 2 1 0 2 1 2 0 2 0 2 1 2 2 0 0 2 0 1 1 1 0 
1 1 0 0 0 2 2 1 0 1 0 2 1 2 0 2 2 1 1 1 0 1 2 2 0 0 0 0 1 0 2 1 1 2 1 0 2 2 0 0 0 1 0 2 0 1 1 0 0 1 2 2 1 1 0 2 0 2 1 1 2 0 0 0 0 0 0 1 0 0 0 1 0 2 0 2 2 1 1 2 1 0 0 2 
2 0 0 1 1 2 2 0 1 2 1 2 0 1 0 1 1 2 0 0 1 0 1 2 2 2 2 1 1 0 2 0 0 0 1 0 0 0 1 1 2 0 1 1 2 1 0 0 1 1 0 0 0 1 2 1 0 0 0 0 0 2 0 1 0 2 2 1 2 1 1 1 2 2 1 2 0 0 0 1 1 0 2 1 
1 2 0 1 2 2 0 2 2 0 1 2 2 2 0 2 1 2 0 0 0 1 1 1 2 1 0 2 2 2 2 2 0 1 0 0 1 1 2 0 0 0 1 0 1 1 0 0 0 2 2 0 2 2 1 0 1 2 0 1 1 2 2 1 2 0 0 1 2 2 0 1 0 0 1 2 1 1 2 0 2 1 1 0 
0 2 1 1 2 1 1 2 0 2 1 1 1 2 2 2 0 2 1 2 1 1 0 0 1 1 1 1 2 2 0 1 2 0 1 0 0 2 0 1 1 0 1 1 1 1 1 2 0 0 0 2 2 0 2 2 2 0 2 0 2 1 0 2 1 2 1 0 2 0 1 2 0 1 0 1 2 0 0 2 2 2 0 2 
2 0 0 1 0 1 2 1 2 0 0 2 2 1 0 0 1 1 1 2 1 0 1 2 2 1 1 2 1 0 1 1 1 1 2 1 0 0 2 2 1 2 1 2 0 2 1 2 2 2 0 1 0 1 1 0 2 1 0 1 1 0 2 2 0 2 2 1 0 0 1 2 1 2 1 1 0 0 1 1 1 1 1 1 
0 1 1 0 2 0 0 2 1 1 2 0 2 2 1 1 0 0 0 1 1 0 1 0 2 0 0 1 0 0 2 1 1 0 2 1 1 0 0 1 0 0 1 2 0 0 0 1 0 2 1 1 1 2 2 1 2 2 1 0 2 2 0 0 1 0 1 1 0 1 1 2 2 2 1 2 2 2 0 1 2 0 0 2 
0 0 2 0 2 0 1 0 1 1 1 2 2 2 2 0 1 2 0 1 0 2 1 0 2 1 2 1 2 0 1 2 0 1 1 1 2 1 1 0 1 0 0 0 1 2 2 2 0 0 2 0 2 0 1 2 0 2 1 0 0 0 2 2 2 0 1 2 2 2 1 1 1 1 1 1 2 0 1 2 1 1 1 1 
1 2 0 1 2 2 2 1 1 1 1 0 2 2 0 2 2 1 1 2 2 1 2 0 0 1 1 0 2 2 1 0 1 1 2 0 0 0 2 1 1 1 0 0 2 2 1 0 0 2 1 1 0 0 1 2 1 2 0 2 0 1 0 0 1 2 1 0 2 1 1 2 2 1 1 2 2 2 0 1 1 2 1 0 
0 1 2 0 0 2 0 1 2 0 1 2 2 1 2 2 0 1 2 0 2 2 2 1 2 1 2 0 2 2 0 0 2 0 2 2 0 0 2 1 2 0 0 0 0 1 0 1 1 1 1 0 1 0 2 2 1 1 0 2 0 0 1 2 2 0 2 2 0 0 0 0 1 1 2 2 0 0 0 2 2 2 1 1 
2 0 2 0 2 0 1 0 2 0 1 1 1 1 2 2 0 0 1 2 0 2 1 2 2 2 1 2 0 1 2 0 2 0 1 0 2 0 1 0 0 0 0 2 1 1 0 1 1 1 2 2 1 1 1 1 1 0 0 2 2 0 0 1 2 1 1 1 0 0 2 0 2 0 2 1 0 2 0 1 2 1 2 2 
0 2 0 1 2 0 2 2 0 2 2 1 0 2 1 2 1 0 0 0 1 1 0 1 1 0 0 1 2 2 0 0 0 2 0 0 2 0 2 2 2 0 0 0 0 2 0 2 1 0 1 2 1 1 0 0 1 0 2 1 1 2 2 2 2 1 0 2 1 2 0 2 2 1 0 2 0 2 0 0 0 1 1 0 
0 0 0 0 1 0 1 1 2 1 1 0 1 0 0 1 1 0 0 2 1 0 2 2 0 0 2 2 2 2 1 1 2 0 1 2 0 2 0 1 0 2 0 1 0 0 0 2 1 0 2 2 1 0 0 2 1 0 1 2 2 1 1 0 0 1 1 0 1 2 1 1 0 1 0 1 1 1 0 2 2 2 0 2 
1 2 0 1 2 0 2 2 1 0 2 1 1 1 2 1 0 2 1 1 2 2 0 1 2 2 0 1 2 2 0 1 0 0 0 0 1 0 1 2 2 2 2 2 2 1 2 0 1 2 1 0 0 0 2 0 1 1 2 0 0 2 1 1 2 2 0 2 2 1 2 0 0 1 0 2 0 0 1 1 0 1 0 2 
0 1 0 0 0 0 2 0 0 1 0 2 0 2 0 0 0 1 1 1 1 1 0 1 2 0 2 1 0 0 1 2 2 0 2 2 1 2 1 1 2 1 1 1 1 1 2 1 0 1 0 1 1 2 1 2 2 2 2 2 0 1 2 2 2 2 1 2 0 0 2 2 1 2 0 2 2 0 2 1 1 1 1 0 
1 1 2 1 1 1 1 1 0 0 0 2 1 2 2 2 1 0 2 0 2 1 1 0 0 0 0 0 1 2 2 0 0 2 2 1 0 1 1 0 1 0 1 0 2 1 1 0 1 1 1 2 2 0 0 1 1 1 1 2 2 0 2 0 0 0 1 2 0 0 0 1 2 1 1 0 1 2 0 0 2 1 1 2 
2 2 2 2 1 1 2 2 1 0 0 0 2 0 0 0 1 1 1 0 1 2 0 2 0 2 0 0 0 1 0 0 1 0 0 0 1 0 2 1 0 0 0 1 2 1 2 1 0 2 0 0 2 1 0 2 1 1 0 2 0 2 1 1 1 0 1 2 0 2 2 0 2 1 0 2 0 0 2 2 0 0 1 1 
1 0 1 1 0 2 2 2 2 0 2 2 0 1 0 0 2 1 0 2 0 1 2 2 0 0 0 2 0 1 0 0 0 0 0 1 2 0 2 2 1 0 1 2 2 0 1 2 1 1 0 2 2 0 1 2 0 1 0 0 0 2 2 2 1 0 2 2 0 0 0 0 0 2 0 2 2 1 2 1 1 2 0 2 
2 0 2 1 0 2 0 2 1 1 0 0 2 1 0 2 1 2 2 2 2 1 1 1 2 2 1 0 2 0 1 2 1 0 0 1 1 1 0 1 2 1 1 2 0 0 1 0 0 1 2 0 2 0 2 1 2 1 0 1 1 1 0 2 2 1 0 1 0 2 1 2 1 2 0 1 1 0 2 1 1 2 2 1 
0 1 2 2 1 1 1 2 0 1 1 0 1 2 0 1 1 0 2 0 0 0 2 0 2 2 1 1 1 0 2 0 0 0 2 1 0 2 0 1 1 2 1 1 2 0 0 1 1 2 2 1 0 2 1 2 0 1 2 0 1 2 2 2 2 0 1 1 2 0 1 2 2 1 0 1 1 0 1 1 2 1 1 1 
0 2 0 0 1 0 1 0 2 2 2 2 1 2 2 2 2 1 2 0 0 1 2 2 0 1 0 2 0 1 1 0 1 0 1 2 1 0 0 1 2 0 0 0 0 2 1 1 1 2 1 2 2 0 2 2 2 2 0 1 0 0 2 1 2 0 0 2 0 0 0 1 2 2 2 1 0 1 2 2 2 0 1 0 
0 2 1 2 0 1 2 1 2 2 0 2 2 2 1 1 2 1 0 2 2 2 2 2 0 1 0 0 1 0 2 0 0 1 0 2 0 2 2 2 0 1 2 1 1 2 1 0 0 1 2 2 2 0 0 2 0 1 0 0 2 2 1 1 2 1 2 2 0 0 0 2 0 0 2 2 1 1 1 2 0 1 0 0 
2 1 0 1 0 2 0 0 1 0 1 1 1 1 2 1 1 0 1 2 2 0 2 1 2 1 2 0 0 1 2 1 2 1 2 0 2 1 0 1 1 0 1 2 2 2 1 1 1 1 2 1 1 2 1 0 1 2 0 0 1 1 2 1 1 2 2 2 0 1 0 2 1 0 0 2 1 0 1 1 2 1 1 2 
0 1 2 0 2 0 1 1 1 1 1 2 2 2 2 1 1 2 1 2 0 2 2 2 1 1 0 0 2 1 2 0 2 2 1 1 0 2 0 0 1 0 2 2 2 1 1 2 0 1 1 0 1 0 1 2 0 1 1 2 1 2 0 0 0 0 2 0 2 0 1 2 2 2 0 1 2 0 0 0 1 0 2 2 
2 0 1 1 2 2 0 1 1 0 0 0 2 2 0 1 2 0 2 2 2 1 1 1 2 1 0 0 2 2 0 0 2 0 0 2 2 0 0 0 0 1 2 2 0 2 0 1 2 1 1 0 1 0 0 1 0 1 0 2 2 2 0 1 1 0 0 2 2 0 2 1 2 0 0 0 0 1 2 0 0 2 2 2 
2 0 1 2 0 1 2 0 2 1 1 2 1 1 0 0 1 0 2 1 0 2 2 2 1 2 1 0 0 0 0 0 1 2 1 0 2 1 2 0 1 0 2 0 1 1 2 2 0 2 0 2 1 0 0 1 0 0 0 2 1 2 2 1 0 2 0 0 0 2 0 0 1 0 0 0 2 1 0 0 0 0 2 2 
2 0 2 1 0 2 0 1 0 2 1 2 0 1 2 0 2 2 1 1 1 1 2 0 2 1 2 0 2 2 2 2 2 1 0 2 2 1 1 0 2 2 1 1 2 0 0 0 0 1 1 2 1 1 0 2 2 1 1 0 1 1 1 0 0 2 1 1 2 0 1 0 2 0 0 2 2 1 2 2 1 2 2 0 
2 2 0 0 0 2 0 0 1 2 2 0 2 2 2 0 0 1 2 0 0 0 1 0 1 1 0 0 2 1 2 2 2 2 2 1 1 1 1 0 2 2 0 0 0 2 0 1 0 0 1 1 0 2 1 0 1 1 1 1 1 2 0 1 1 2 1 0 0 0 1 1 2 0 2 1 0 0 2 1 1 2 1 0 
1 2 0 1 2 2 2 2 1 1 2 1 2 0 1 2 2 0 0 1 2 0 0 0 0 0 0 1 0 2 1 2 0 1 2 1 0 0 1 1 2 1 2 0 2 2 1 1 1 0 2 2 0 1 0 1 2 0 1 1 2 1 1 2 0 0 0 2 2 2 2 2 1 1 0 0 0 1 1 2 1 0 1 0 
0 0 2 1 2 0 2 1 1 1 1 0 0 2 0 2 1 0 0 1 0 0 0 1 1 2 2 2 1 1 0 2 2 2 2 1 1 1 1 2 1 1 0 1 1 1 1 1 2 2 0 0 0 0 2 0 0 1 2 0 0 1 0 2 2 2 0 2 0 0 2 1 1 2 1 1 2 1 0 1 1 2 0 2 
2 0 2 0 0 2 1 2 2 0 1 2 2 0 0 1 1 1 0 1 0 0 1 2 2 1 1 2 0 2 1 1 2 1 2 2 2 0 2 2 0 0 0 0 0 2 2 1 2 0 2 2 1 0 2 2 0 1 1 1 0 1 0 1 0 2 2 1 1 0 2 0 1 1 1 0 2 1 2 1 1 2 0 1 
1 0 0 1 2 2 1 2 2 2 0 1 1 1 1 1 1 1 1 1 2 1 2 0 0 0 1 0 1 0 2 2 1 1 2 0 0 2 1 1 1 2 2 1 2 1 0 2 2 1 2 1 2 0 1 2 1 0 0 0 0 2 0 1 0 1 1 0 0 2 0 2 1 0 1 0 1 2 2 0 2 1 2 1 
2 0 2 0 2 2 2 2 0 1 0 0 2 2 1 1 1 0 2 0 0 1 2 2 2 0 1 0 0 0 1 1 0 1 0 0 1 0 1 0 2 0 2 2 2 1 2 1 1 1 1 2 1 0 0 2 1 1 2 0 1 0 2 0 1 2 1 1 2 0 2 2 0 1 2 2 1 2 2 1 1 2 1 1 
2 0 2 1 2 1 0 2 1 2 1 2 0 1 1 2 0 2 0 1 2 1 2 1 1 2 0 0 0 2 2 1 1 2 2 0 0 1 1 2 1 0 2 1 0 2 2 0 0 0 1 2 1 1 1 2 2 1 0 2 0 0 0 1 2 2 0 2 2 0 1 1 0 2 2 2 2 1 0 1 0 1 0 1 
1 1 2 2 0 1 2 2 2 2 1 2 2 0 0 2 0 0 0 1 1 2 0 1 0 0 2 0 1 2 0 0 1 2 2 0 1 0 1 2 2 1 0 1 0 2 2 1 1 2 2 2 2 2 1 1 2 1 0 1 1 1 1 0 1 2 0 1 1 0 2 0 2 0 2 0 1 2 2 1 0 2 2 2 
0 0 2 1 2 0 2 2 2 0 0 1 0 0 1 0 0 1 2 2 1 1 1 1 0 1 1 2 1 0 2 2 1 0 2 2 2 2 0 1 0 2 1 0 1 2 0 1 2 2 2 0 1 1 0 1 2 1 0 0 1 2 0 0 1 1 1 2 1 1 1 0 1 1 2 2 2 2 1 1 0 1 0 1 
1 0 2 2 1 0 1 2 1 0 2 1 0 1 1 1 2 2 2 2 1 0 2 1 0 1 0 2 2 2 2 0 1 1 2 1 0 0 2 1 0 1 2 2 1 0 0 2 1 0 2 2 1 2 0 0 0 2 1 1 2 2 1 0 0 2 1 1 2 0 2 0 1 1 2 1 0 1 1 2 2 0 1 2 
0 1 1 1 0 0 1 1 0 0 2 2 1 2 2 1 0 0 0 2 0 1 2 0 2 2 1 1 1 1 1 1 0 0 1 1 2 1 0 2 1 1 1 0 2 1 0 0 0 2 0 2 2 1 1 0 2 1 2 0 2 0 2 0 1 0 1 0 1 1 0 0 2 1 2 1 2 0 0 1 0 1 0 2 
0 1 2 0 2 0 0 0 2 1 1 1 0 0 1 1 2 2 1 2 1 2 2 2 1 0 2 0 1 2 2 1 0 0 1 2 1 1 2 1 0 2 0 2 0 0 1 2 0 1 2 0 1 2 1 0 1 2 2 1 2 1 0 2 0 2 0 0 2 1 0 2 2 0 2 0 0 1 1 1 0 0 2 1 
1 0 0 1 1 1 2 1 2 0 0 1 0 1 1 1 0 1 0 0 2 0 0 1 1 2 2 2 2 1 1 0 1 2 0 0 1 0 1 0 0 1 2 2 2 1 1 1 0 1 0 1 2 0 2 0 1 1 1 1 1 0 2 0 1 1 0 1 0 0 0 0 1 0 2 0 1 1 2 2 2 1 1 2 
1 0 2 2 0 2 2 1 1 2 2 1 0 0 2 1 2 2 0 2 2 1 1 0 0 1 2 0 0 0 1 1 0 2 1 0 2 0 1 2 1 2 1 2 2 2 0 0 0 0 1 1 0 0 2 2 1 2 0 1 0 1 0 1 1 0 0 0 0 2 0 2 0 1 0 0 1 1 2 1 1 1 1 2 
1 2 2 2 2 2 1 0 2 0 2 0 0 0 1 2 1 2 0 1 1 1 2 1 2 1 0 0 0 2 1 1 2 1 1 1 0 0 1 2 1 1 0 0 2 2 1 2 0 1 2 2 0 0 1 1 2 2 1 1 0 1 2 2 0 2 1 1 1 0 0 1 2 1 0 2 0 1 0 0 0 2 0 2 
2 1 1 0 0 2 1 0 2 1 0 2 1 1 0 1 2 2 1 1 0 1 2 2 1 2 2 1 0 1 1 0 2 2 2 1 1 0 1 0 1 0 0 1 0 0 2 0 1 2 2 1 0 1 1 1 2 1 1 0 0 1 0 2 1 0 1 0 0 2 1 2 0 1 0 2 2 2 0 2 2 0 0 0 
0 0 2 1 2 1 1 1 0 0 0 1 0 0 0 1 2 2 1 1 2 2 1 0 0 0 2 0 1 2 1 0 1 1 1 1 2 0 2 1 1 1 0 2 0 0 1 1 0 1 2 1 2 0 2 2 0 2 2 2 2 0 1 1 0 2 2 1 0 0 1 1 0 1 1 2 0 1 1 0 1 0 0 1 
2 2 2 2 0 1 1 0 2 0 1 2 2 2 1 2 1 0 1 2 2 2 0 0 0 0 1 2 2 2 2 1 1 1 2 1 1 0 0 0 2 1 0 0 0 1 0 2 0 1 2 1 1 1 0 1 1 2 2 2 0 0 0 2 0 1 2 0 1 2 0 2 2 0 0 0 1 1 2 2 1 1 2 0 
1 0 1 1 1 0 2 1 2 2 2 1 2 0 1 2 1 1 0 0 0 2 1 2 0 2 2 1 1 1 0 1 2 2 0 1 1 0 2 2 2 2 0 0 2 2 0 1 2 2 2 1 0 1 1 1 1 1 2 1 0 2 0 0 2 2 2 1 1 1 1 0 1 1 1 0 0 0 1 2 0 2 1 0 
0 2 1 2 2 0 1 0 1 2 2 2 1 0 1 1 1 0 1 2 2 1 2 2 0 0 0 2 1 2 1 0 0 0 2 0 1 1 2 2 0 2 0 0 1 0 1 0 1 0 0 2 0 2 2 0 2 2 0 1 0 0 1 2 1 1 1 2 0 2 1 2 0 1 2 0 0 0 0 0 1 0 2 0 
2 0 0 2 1 0 1 2 0 0 0 2 1 1 1 0 0 2 1 2 1 2 0 1 1 1 1 1 1 1 0 2 1 0 0 2 0 1 1 2 2 0 0 1 1 2 1 0 1 1 2 1 0 1 0 2 2 1 2 0 1 0 1 2 1 0 1 1 0 2 1 2 2 0 2 2 2 2 0 0 0 0 1 2 
2 1 1 2 0 2 2 0 2 0 0 2 0 1 0 2 2 0 2 1 0 2 1 1 2 0 0 1 2 2 0 1 2 0 0 1 2 0 0 0 2 1 2 2 2 0 0 1 2 2 2 0 0 0 1 2 2 1 2 1 1 0 2 0 2 0 2 0 2 2 2 0 1 1 2 2 1 0 1 0 0 1 1 1 
0 1 0 1 1 1 2 2 2 0 0 0 2 1 2 0 1 2 0 1 0 2 2 0 2 1 1 2 0 0 2 0 1 1 0 1 0 0 0 2 1 0 0 1 0 2 0 1 1 0 1 0 0 1 2 2 0 0 1 2 1 0 2 2 2 1 0 0 0 1 0 2 1 2 2 1 1 1 1 0 1 2 0 2 
2 0 2 0 0 0 0 1 2 2 2 2 2 2 2 1 1 1 2 2 2 1 2 0 0 0 0 0 0 2 0 1 2 1 2 1 0 2 0 1 2 1 1 0 0 0 2 1 1 1 0 2 0 0 0 2 0 1 0 2 1 1 2 2 1 0 1 2 0 1 2 0 2 1 0 1 0 2 0 0 1 0 2 2 
2 0 1 0 1 1 1 2 2 1 0 0 2 2 2 1 2 0 2 1 2 2 0 1 0 0 2 1 0 1 0 1 2 2 2 0 2 2 2 1 2 2 1 1 0 0 1 2 2 1 1 0 2 1 1 0 1 1 0 0 2 2 0 0 0 1 1 0 0 1 2 1 1 2 1 0 2 2 0 1 2 0 2 2 
1 1 1 2 0 0 2 2 0 2 0 1 2 1 1 1 2 1 0 1 2 2 2 0 0 1 0 0 0 0 0 1 0 1 1 0 0 0 2 1 2 1 2 1 2 2 0 1 2 2 1 2 0 0 0 0 0 0 1 2 0 1 1 0 0 1 2 1 0 0 2 0 0 1 2 0 2 1 2 2 0 2 1 0 
2 0 0 0 1 0 2 0 0 0 1 1 2 2 1 2 2 0 0 0 0 2 0 0 2 0 0 1 0 2 1 2 2 2 1 2 0 1 1 0 1 2 1 0 0 0 0 0 1 2 2 0 2 0 0 1 0 0 1 0 0 2 0 0 2 1 0 0 2 0 0 1 2 1 1 2 0 2 0 1 0 1 0 0 
0 2 2 0 0 0 0 0 0 1 1 2 1 2 0 1 0 1 1 0 1 2 1 0 1 1 2 1 2 2 0 1 2 0 2 1 2 2 2 1 1 2 2 1 0 2 0 0 1 2 2 0 2 1 0 2 0 2 0 0 1 2 1 2 0 0 1 1 2 1 2 2 0 0 0 1 1 1 0 1 1 0 2 0 
1 2 0 1 1 1 2 1 2 1 0 0 0 1 0 2 1 1 0 2 2 2 1 0 1 1 2 1 2 0 0 2 1 0 0 2 0 0 2 0 0 0 1 1 2 0 1 1 1 2 0 1 2 2 1 2 2 1 0 1 1 0 2 1 1 2 1 1 0 0 0 1 2 1 0 2 1 1 1 0 1 2 0 1 
2 0 1 2 0 1 2 1 0 0 0 1 1 2 0 2 0 0 2 2 2 1 2 2 2 2 1 1 0 0 0 0 2 0 2 1 2 2 0 0 2 2 1 0 0 0 1 2 1 0 1 1 1 0 2 1 1 1 0 1 1 2 0 0 2 2 2 0 2 1 1 2 0 1 0 1 1 0 2 2 1 2 2 1 
1 1 2 1 0 1 1 0 0 2 1 0 2 0 2 0 2 0 2 2 2 0 2 0 1 1 1 2 1 1 1 2 1 2 1 1 1 1 2 1 0 2 0 2 2 2 1 0 1 1 0 1 0 1 2 0 2 0 1 0 2 0 0 1 1 2 2 2 0 0 2 1 2 0 1 2 1 0 0 1 0 0 2 2 
0 2 2 0 0 1 2 1 0 2 2 1 2 0 0 2 0 1 2 0 2 0 0 1 0 1 0 2 1 2 1 2 2 2 2 0 1 1 0 0 1 0 2 1 2 2 0 2 1 1 2 2 2 2 2 1 0 2 2 0 0 2 0 0 2 1 1 1 1 2 1 0 2 0 1 2 0 1 1 1 1 1 0 2 
2 1 0 1 1 2 0 2 0 2 0 1 0 1 1 1 1 1 1 2 0 0 1 2 0 2 0 1 0 0 0 1 1 1 0 1 0 1 2 2 0 1 1 0 1 1 2 2 0 1 2 1 0 1 0 2 2 0 0 1 0 1 2 2 1 0 0 2 2 2 1 1 2 0 2 2 0 1 1 0 0 0 1 1 
0 0 1 1 0 0 2 1 0 0 2 0 2 0 1 0 0 0 1 2 1 1 1 1 1 2 2 0 1 1 2 0 1 0 0 2 2 1 2 1 0 1 0 1 2 1 2 0 0 1 1 2 2 2 1 0 1 2 0 0 2 2 1 0 2 0 2 1 0 0 0 1 1 0 1 0 2 1 2 2 0 1 0 1 
0 0 1 2 1 2 0 0 0 1 0 0 0 2 2 1 0 1 1 2 2 1 0 1 1 2 1 0 0 0 2 1 2 0 2 1 1 1 0 0 1 2 1 2 2 0 2 2 0 2 2 0 2 1 2 0 1 1 1 0 2 2 2 0 2 0 1 1 2 0 2 1 2 2 2 1 0 2 2 0 0 0 1 0 
2 0 0 0 0 2 2 1 0 0 1 0 0 0 0 0 2 0 1 1 1 1 1 2 1 0 1 1 0 0 0 2 0 1 2 1 0 2 1 1 0 2 1 0 1 2 1 1 1 2 1 0 0 0 1 0 2 0 1 1 0 1 1 0 0 1 0 1 0 1 1 1 1 1 0 2 2 1 0 2 0 2 2 0 
0 0 1 1 0 0 2 2 1 1 1 0 0 0 0 1 0 0 2 2 1 0 0 0 2 2 2 0 1 2 0 2 2 0 2 0 0 0 0 2 1 0 1 0 2 1 2 1 2 1 2 2 0 2 1 2 0 1 2 2 2 1 2 2 2 1 2 1 0 2 2 2 1 0 2 2 1 0 1 2 1 2 0 1 
2 1 1 0 1 1 2 1 2 2 2 2 2 1 2 2 0 0 0 1 2 0 0 1 0 2 2 1 2 2 2 2 2 0 0 1 2 1 2 0 0 1 1 0 2 2 0 1 1 2 0 0 2 1 0 1 1 1 0 0 1 1 0 2 0 0 1 0 1 0 0 2 2 2 1 0 0 2 1 0 0 0 2 1 
2 0 0 1 1 1 0 2 1 1 2 2 2 2 0 0 1 0 2 1 0 2 0 0 2 0 2 2 2 0 2 2 0 0 0 1 1 1 1 1 2 0 2 0 2 1 2 1 2 1 1 2 2 1 1 2 0 0 1 0 1 1 0 1 2 1 0 1 2 0 0 0 0 1 0 1 0 1 0 0 2 0 0 0 
0 1 0 0 0 2 2 1 1 2 0 1 1 2 2 0 0 2 2 1 2 0 0 0 0 2 2 2 1 2 2 2 1 0 2 2 0 0 0 2 0 0 0 0 1 0 0 2 1 0 2 1 0 1 2 0 2 1 1 2 2 2 2 1 1 2 2 0 2 0 2 0 0 1 2 1 0 1 1 1 1 1 0 2 
0 1 0 0 2 1 0 1 2 1 1 0 0 1 2 1 0 1 1 1 1 0 2 1 2 1 2 2 0 0 0 2 1 1 0 2 0 1 2 1 0 2 0 1 0 0 1 1 1 2 0 1 0 2 0 0 0 2 0 0 0 2 0 1 0 0 0 1 2 2 1 0 1 0 0 2 2 1 1 1 2 0 1 0 
0 2 0 1 1 0 0 0 1 0 1 1 1 0 2 2 2 0 2 2 1 1 0 1 2 2 1 2 0 1 1 0 0 0 2 0 2 2 1 0 0 2 2 2 1 2 2 0 2 1 1 2 1 0 1 0 1 1 0 2 0 0 1 1 2 0 1 1 0 1 2 0 2 0 1 1 0 0 0 2 1 1 1 2 
2 0 0 2 0 1 0 0 1 1 0 1 1 2 1 2 1 0 2 2 2 0 0 1 1 0 1 0 2 1 2 0 2 2 2 1 1 0 0 0 1 2 0 1 0 2 1 2 1 0 2 1 0 2 0 2 0 1 0 1 0 2 2 2 0 2 2 0 2 2 1 2 0 0 2 0 2 0 1 1 1 1 2 2 
0 1 2 2 2 2 2 0 2 1 1 0 1 2 2 0 0 1 2 2 2 0 0 1 1 0 0 1 0 1 2 1 1 0 2 0 1 1 1 0 1 2 1 1 1 0 0 0 2 0 1 0 2 0 0 2 0 0 1 2 0 1 1 1 2 2 0 1 0 0 1 1 1 1 1 0 2 1 2 1 0 1 2 1 
2 1 1 1 1 0 0 0 1 0 2 2 0 2 0 1 2 0 0 0 1 1 0 1 1 1 1 0 0 0 1 1 1 0 0 1 1 2 0 1 1 0 2 2 0 1 0 1 1 0 1 1 1 2 0 1 2 2 0 2 2 2 2 2 1 0 0 1 2 1 1 0 1 1 1 1 0 2 1 2 1 0 2 2 
1 1 2 1 1 2 2 0 2 1 0 1 2 0 2 1 0 1 0 1 1 1 0 0 2 0 0 1 1 0 0 1 2 1 1 1 2 0 2 0 1 0 0 2 1 2 1 2 0 2 2 2 2 2 2 1 2 1 0 1 0 2 2 1 0 2 2 0 0 0 2 2 2 0 1 0 1 0 1 0 0 2 0 1 
1 0 0 1 0 2 0 0 2 1 2 2 1 0 1 1 1 2 1 2 2 2 0 2 1 2 2 0 0 2 2 1 1 1 2 0 0 0 1 0 0 1 1 0 1 0 2 2 1 0 0 1 2 0 2 1 1 0 2 1 1 1 1 2 0 2 0 0 0 0 2 1 1 1 1 2 0 2 1 1 2 0 0 0 
2 2 0 1 1 1 1 2 1 2 0 0 1 1 0 0 1 0 1 0 1 2 1 0 2 2 0 0 0 0 2 1 2 1 1 2 2 0 0 1 1 0 1 1 1 1 2 1 0 0 0 1 2 0 0 2 0 2 2 1 2 0 2 1 2 1 1 1 1 2 1 1 0 2 1 0 0 0 0 0 0 2 1 1 
0 2 1 0 0 1 2 2 0 1 1 0 1 1 1 2 2 0 0 0 1 0 2 1 2 0 1 0 1 0 0 1 1 1 1 1 0 0 2 1 0 0 0 1 0 2 0 2 2 1 2 0 2 0 2 1 1 2 0 1 0 0 0 0 0 2 2 2 0 2 2 0 2 0 0 1 1 0 2 2 1 1 0 2 
0 1 1 1 1 1 2 1 2 2 0 0 1 2 2 1 0 0 1 0 1 0 2 1 2 0 1 1 1 1 2 1 2 1 1 2 2 2 1 0 0 0 0 2 0 2 2 2 2 2 2 2 0 2 1 1 1 0 0 2 2 0 0 2 2 0 1 2 1 0 2 2 0 2 0 2 1 0 0 0 0 0 2 1 
0 1 2 1 0 1 2 0 2 1 2 0 1 0 2 0 0 1 2 1 2 0 0 1 0 0 0 1 0 2 2 2 0 1 1 1 1 0 2 2 1 2 0 2 2 2 2 1 0 2 2 0 2 0 0 0 1 0 0 2 1 2 1 1 1 1 2 1 1 0 0 2 2 2 0 2 1 1 0 2 2 1 1 1 
1 1 0 2 1 0 0 2 0 1 0 0 2 2 1 2 2 0 0 1 2 0 2 0 1 0 1 0 1 0 2 0 1 2 1 1 1 0 0 2 0 1 0 1 0 2 0 2 0 2 1 1 0 1 1 2 0 1 0 0 2 0 1 1 2 2 2 1 1 0 1 2 2 2 0 1 1 2 2 0 1 1 1 2 
0 1 0 0 0 2 2 0 2 2 1 2 2 1 0 2 1 1 0 0 2 1 0 0 0 2 0 2 1 2 0 1 1 2 0 2 1 0 1 1 1 2 2 2 1 1 1 2 0 2 1 1 2 0 1 2 2 0 2 1 2 1 2 1 1 0 1 0 1 1 0 2 2 0 1 1 2 1 0 1 0 0 0 2 
2 1 2 2 2 1 2 2 2 0 0 1 1 2 2 2 1 2 1 2 2 0 0 0 1 1 1 1 0 2 1 1 0 2 0 1 0 0 1 1 2 1 1 1 0 2 1 1 2 2 2 0 0 1 1 0 1 1 1 2 1 2 1 0 2 2 0 1 2 1 2 1 2 1 0 0 2 2 2 2 1 0 1 1 
1 1 1 0 1 2 2 2 1 1 0 1 0 2 0 2 0 2 0 1 0 1 0 0 1 2 0 1 2 2 2 2 0 1 2 0 1 2 1 0 1 2 2 1 1 0 0 2 2 2 2 1 0 0 0 2 0 0 0 2 0 2 0 0 1 0 2 2 2 2 2 0 2 1 0 0 0 0 0 2 0 1 1 1 
1 1 0 2 2 0 2 2 1 0 0 0 2 0 1 1 1 2 2 2 1 1 2 2 1 0 0 1 2 0 2 0 1 2 0 0 2 0 2 2 1 2 0 1 2 2 0 1 2 2 2 0 0 0 2 0 0 0 1 1 0 1 2 1 2 0 2 2 2 1 1 2 0 1 0 2 2 2 1 0 0 0 1 2 
2 2 2 2 2 2 2 0 0 1 2 0 2 2 2 2 0 1 1 1 2 1 0 1 2 0 0 0 1 2 2 0 2 1 1 2 0 1 1 0 0 0 2 0 0 0 1 0 0 2 2 1 1 0 2 0 0 1 0 0 1 1 2 0 0 0 2 0 1 1 0 1 0 1 1 1 0 2 0 0 2 1 0 1 
0 0 2 2 2 0 1 2 0 0 2 2 0 1 2 1 1 0 2 2 1 1 2 0 1 1 1 1 1 0 0 0 2 1 1 1 0 0 0 1 0 2 1 0 0 1 0 1 0 0 2 1 0 1 2 1 2 0 0 1 1 2 2 0 1 2 2 2 1 1 1 2 1 0 2 0 2 1 0 1 1 0 1 0 
0 0 0 1 2 0 0 0 2 1 2 0 0 0 1 1 1 2 0 0 1 1 2 1 1 2 0 2 0 1 1 0 0 0 2 1 2 0 0 1 2 2 0 1 1 1 0 1 1 2 2 0 0 0 2 2 2 0 1 0 0 1 0 2 0 1 2 1 1 2 0 0 0 2 0 2 0 0 2 2 2 2 0 2 
1 1 0 2 1 1 1 2 0 1 2 2 0 0 2 2 0 1 1 2 0 2 0 2 1 1 1 1 0 2 1 2 1 0 2 0 0 2 1 1 2 2 2 1 0 2 0 1 2 2 0 0 2 0 1 1 0 2 0 1 0 0 2 1 2 2 0 1 0 2 2 0 0 0 1 2 2 1 0 1 2 2 0 1 
2 2 1 1 2 1 0 1 1 2 0 2 1 0 0 1 1 2 1 2 1 1 2 1 2 2 2 2 2 1 2 0 1 2 0 2 0 0 0 1 1 1 0 2 0 0 0 1 2 2 1 2 1 0 2 1 2 0 1 0 2 1 2 0 1 0 0 2 1 2 1 2 2 1 2 2 1 0 2 0 0 2 0 0 
1 2 2 0 1 2 1 1 1 2 2 0 1 2 2 0 0 0 2 1 2 0 2 1 0 1 0 1 1 0 0 1 0 1 0 2 1 1 1 1 0 0 1 1 2 0 2 0 0 0 2 1 1 2 1 2 2 2 0 2 1 2 0 1 1 0 0 1 0 0 2 0 1 1 0 1 1 0 1 0 1 2 0 0 
1 2 1 2 2 1 2 0 0 0 2 2 1 2 0 0 1 2 1 0 0 1 1 2 1 0 2 0 1 2 0 0 1 2 1 1 0 0 2 0 2 0 1 0 1 2 0 1 1 2 0 2 2 0 0 0 0 0 0 2 1 2 1 2 1 2 2 1 2 2 2 2 1 0 2 1 1 0 0 2 2 0 2 1 
2 2 1 0 0 0 2 0 2 1 0 1 0 0 1 1 0 1 1 0 2 1 0 0 2 0 1 2 1 1 1 2 0 0 2 0 0 0 0 1 0 0 2 2 2 1 2 1 0 2 2 1 0 1 2 2 2 1 1 0 2 0 1 1 1 0 0 2 2 1 1 2 0 1 1 1 2 2 2 0 0 1 2 2 
2 1 1 2 1 0 2 1 0 1 0 2 0 0 1 2 2 0 1 2 2 0 2 0 2 2 0 2 1 0 0 0 2 0 1 0 1 0 0 1 0 1 1 0 0 1 1 1 1 2 2 2 2 1 1 2 0 1 2 2 2 0 1 0 1 1 2 1 2 0 1 1 0 1 2 2 0 2 0 0 1 1 2 0 
0 1 2 2 0 2 1 1 1 0 0 0 0 0 0 1 2 2 1 1 1 2 2 1 1 1 0 1 1 2 1 2 1 1 1 0 2 2 1 2 2 1 1 0 2 2 0 1 0 2 2 0 0 2 2 1 1 2 0 0 0 1 0 1 1 1 2 0 0 1 0 2 0 1 1 0 1 0 2 1 1 2 2 0 
0 1 0 1 1 1 1 2 2 1 2 0 2 2 2 1 2 0 1 0 2 2 0 0 1 1 0 1 1 2 2 2 0 1 1 2 0 2 2 2 1 0 1 2 2 2 2 0 0 2 2 1 2 1 1 0 0 2 1 1 1 0 1 1 1 1 2 1 1 1 2 2 2 0 0 1 0 2 2 1 0 1 2 1 
0 1 0 2 1 0 1 1 1 2 0 0 0 0 2 1 1 1 2 0 1 1 0 2 0 2 0 2 1 0 1 1 2 0 0 1 1 2 2 0 1 2 0 2 1 0 1 2 2 2 0 2 1 1 0 2 1 2 2 0 1 0 2 2 2 2 2 0 0 2 1 1 2 1 2 1 0 0 1 0 2 1 2 0 
0 1 1 2 0 1 1 0 1 0 1 1 2 0 0 0 0 2 0 2 1 2 1 0 2 2 0 1 1 1 0 2 1 0 2 2 0 0 0 1 1 1 1 1 0 1 2 0 2 1 0 2 0 1 2 1 2 2 1 1 2 0 0 2 0 0 0 1 1 0 0 1 2 1 0 0 2 1 0 1 2 0 1 1 
2 2 0 2 2 1 0 0 0 0 2 1 1 0 1 1 1 1 0 0 0 0 0 2 2 0 2 0 1 2 2 0 2 0 0 1 1 2 0 1 1 0 2 1 2 1 1 1 1 0 0 2 2 0 1 0 1 1 1 2 2 1 2 2 1 1 2 0 1 0 2 0 0 2 0 1 1 2 2 1 0 2 0 0 
0 2 0 0 0 0 1 2 1 2 0 0 0 1 2 0 0 1 2 1 0 1 0 0 0 1 2 0 1 1 0 0 2 1 2 2 0 1 2 2 0 1 1 0 2 2 1 0 0 0 2 2 2 2 1 2 1 0 2 1 0 0 0 2 1 1 2 1 2 1 0 2 2 0 2 0 0 1 0 0 0 1 2 0 
2 0 2 0 2 1 2 0 2 1 1 1 1 2 0 0 0 0 0 1 1 0 2 0 0 2 2 2 2 2 0 1 2 1 1 0 2 1 0 1 2 1 2 0 2 0 0 2 1 1 0 0 0 2 1 0 0 2 2 2 1 1 0 0 2 1 2 1 2 0 0 0 0 1 1 2 1 2 2 0 0 0 2 2 
0 1 2 1 2 1 2 0 1 1 2 2 2 0 0 0 2 0 1 2 2 0 2 2 2 1 2 0 0 2 0 0 1 1 1 0 0 2 1 1 1 2 0 1 2 2 2 2 0 2 1 1 2 2 2 0 0 2 1 0 1 1 2 0 2 2 1 2 0 2 0 2 0 2 1 2 2 2 0 2 1 2 0 1 
2 1 0 1 0 2 1 0 0 0 0 2 1 0 0 1 0 1 2 0 2 2 0 0 1 0 1 2 1 1 1 2 0 1 0 0 1 1 2 2 0 0 2 1 0 1 2 1 2 1 0 0 1 2 2 1 2 0 1 2 1 0 1 2 1 0 1 2 1 1 0 1 0 0 1 1 2 2 1 0 2 0 0 0 
0 0 2 1 2 2 2 0 1 2 0 0 0 2 0 1 2 1 0 2 2 2 0 2 2 1 0 1 1 0 2 1 1 1 2 2 0 1 2 2 0 0 1 1 0 1 0 2 1 0 0 2 2 1 0 1 2 2 1 2 1 0 1 0 1 2 2 1 2 1 0 0 1 2 1 1 1 1 2 0 0 0 2 0 
1 0 1 1 0 2 2 1 2 0 2 2 1 2 1 2 0 1 2 0 0 1 2 0 2 0 0 1 2 2 2 1 0 2 2 2 0 0 0 1 2 1 2 2 2 2 2 2 2 1 2 0 0 0 1 2 1 1 2 0 0 1 0 0 0 0 1 1 2 0 2 0 0 1 0 0 2 2 2 2 0 2 2 2 
0 0 2 0 0 2 0 0 2 2 2 1 1 1 1 2 1 2 2 0 1 0 0 2 2 2 0 0 2 2 1 2 0 2 2 1 2 2 2 2 0 0 1 0 2 0 0 1 0 1 0 1 2 1 1 0 0 2 1 2 2 1 2 0 1 0 0 1 1 0 0 0 0 2 1 2 2 2 2 0 1 2 2 2 
0 1 2 1 1 1 1 1 2 0 2 0 0 1 0 2 0 1 1 0 2 1 2 2 1 2 2 1 0 0 1 0 1 2 2 2 1 0 1 0 2 2 0 0 1 1 0 0 0 2 2 1 2 1 2 0 1 1 0 0 2 2 0 0 2 0 0 2 1 0 1 1 0 2 2 1 0 1 0 2 2 0 2 1 
0 2 0 1 2 2 1 1 0 1 1 0 1 2 1 0 1 0 2 2 0 1 1 0 0 1 0 0 1 2 1 2 2 0 2 2 1 0 0 2 1 0 2 2 1 1 1 0 0 1 1 2 1 1 1 2 2 0 0 1 1 2 0 1 2 2 1 1 1 0 2 0 1 1 2 2 1 2 0 0 0 0 1 1 
0 2 0 0 1 1 1 2 2 2 1 0 0 2 2 2 2 2 2 1 1 2 2 2 2 2 2 2 1 0 0 1 2 2 0 1 1 0 2 1 1 2 2 2 1 1 0 0 0 0 1 2 2 2 1 1 1 0 1 2 1 0 2 0 0 1 2 2 2 1 2 2 2 0 2 0 2 0 2 2 0 0 2 0 
0 0 0 2 1 0 0 1 2 0 1 2 1 0 2 2 1 0 1 0 1 0 0 2 2 1 2 0 0 0 2 2 0 0 1 1 1 1 1 2 1 2 2 0 0 1 1 1 0 2 1 0 0 0 1 2 0 2 2 1 1 0 2 1 2 2 2 0 1 0 2 0 0 2 0 2 2 2 1 0 2 0 1 1 
1 2 0 2 2 2 1 1 0 0 1 0 1 1 0 1 2 1 2 2 2 1 1 2 1 1 0 0 1 1 2 0 1 0 2 2 1 1 2 2 1 2 0 2 0 1 0 0 2 1 2 2 0 2 1 2 0 0 2 1 0 1 2 2 1 0 0 1 0 2 2 0 2 2 0 2 0 0 2 0 1 2 0 1 
1 0 1 2 2 0 1 1 2 1 1 0 1 1 0 0 2 2 1 1 0 0 1 0 0 2 1 0 1 0 2 1 0 2 2 0 0 0 2 2 1 2 1 2 0 2 0 1 2 1 0 0 1 2 0 1 2 2 0 0 1 2 2 2 0 2 0 2 0 1 2 1 2 2 0 2 0 1 1 2 2 2 2 2 
2 2 0 2 2 2 0 2 0 1 0 1 0 0 0 0 0 0 0 0 2 2 0 0 2 0 1 1 0 1 2 1 0 1 1 2 2 2 1 2 2 2 1 0 0 1 0 1 1 2 0 0 1 2 0 0 1 0 2 1 2 1 0 0 1 1 1 2 2 1 0 0 2 1 0 2 2 0 0 2 2 0 0 2 
1 1 1 0 2 2 0 0 2 1 0 0 0 0 0 2 1 0 2 1 0 0 2 0 2 2 1 0 0 0 0 0 2 0 1 2 0 2 1 1 1 2 1 2 2 1 1 1 2 1 0 2 2 1 2 2 0 0 0 1 0 2 0 1 1 1 1 0 2 1 0 0 1 0 0 1 0 0 0 1 0 0 1 0 
2 2 2 1 2 1 1 0 0 2 1 2 0 1 1 0 0 1 2 1 1 2 0 1 0 1 2 1 0 0 2 1 2 0 1 2 0 2 2 2 0 0 0 2 1 2 1 2 0 1 1 1 2 0 2 2 2 1 2 0 1 1 1 1 0 0 2 2 0 2 1 0 0 1 1 2 2 1 0 1 1 2 1 1 
1 0 1 2 2 0 1 0 1 0 0 2 1 2 0 2 0 1 0 2 2 1 1 2 2 2 1 1 2 0 0 2 1 1 1 2 0 2 2 2 1 1 0 0 2 2 0 2 2 1 0 1 1 2 1 2 2 0 0 0 0 2 2 1 2 1 1 0 0 2 0 0 2 0 2 1 1 0 0 0 1 0 2 0 
1 2 1 0 1 0 2 0 0 1 2 1 2 1 2 0 2 1 1 0 0 1 2 2 1 2 1 0 1 2 0 1 0 1 0 2 0 1 2 1 2 0 0 2 1 1 2 2 0 1 2 1 1 1 2 2 1 2 2 0 1 0 2 1 0 0 1 0 2 0 2 0 0 0 1 2 0 2 0 1 2 2 0 2 
0 2 0 0 1 1 0 2 1 1 2 1 1 1 1 0 1 0 1 2 2 0 1 2 1 1 2 1 0 2 2 1 1 2 0 2 1 2 2 2 1 0 1 1 0 0 0 1 0 0 0 2 1 2 0 0 0 1 0 0 0 2 0 2 1 1 2 1 1 2 0 1 1 1 0 0 2 1 1 2 2 1 1 2 
2 2 0 2 1 1 2 2 2 1 0 1 2 2 2 2 1 0 0 1 2 1 0 0 0 2 2 2 2 2 1 2 1 2 2 0 1 1 2 2 1 2 2 2 1 0 1 1 0 1 0 0 0 1 2 0 0 1 0 2 0 0 2 1 1 0 0 2 0 0 0 2 1 1 2 0 1 2 0 1 2 0 2 2 
0 1 2 0 0 0 0 2 0 2 2 0 2 0 0 2 0 2 2 2 1 2 1 2 1 2 1 0 2 1 0 2 1 1 2 0 1 2 0 1 1 0 1 0 0 2 1 0 2 2 0 2 0 2 0 0 2 2 0 2 2 2 1 0 2 1 1 1 0 0 2 1 2 2 2 1 0 1 2 0 1 1 2 1 
2 1 2 2 2 0 1 1 0 2 2 0 2 1 2 0 0 0 2 2 0 1 0 0 1 2 0 2 1 1 1 2 0 1 0 2 2 0 2 0 1 1 0 1 2 0 2 2 2 0 2 0 2 1 0 2 1 2 0 0 0 1 2 1 0 1 1 2 0 0 1 2 2 0 1 0 1 2 0 1 1 2 0 0 
0 2 2 2 1 2 1 1 1 0 0 2 2 2 0 1 2 2 1 0 0 2 2 1 0 1 0 2 0 2 2 2 2 1 2 0 1 1 2 1 0 0 0 1 0 0 0 2 2 2 0 0 0 2 0 0 1 2 1 0 2 0 0 2 0 1 0 2 0 1 2 1 1 1 2 2 2 1 2 0 1 0 2 0 
0 0 1 0 2 0 0 0 2 1 2 0 1 1 1 1 2 2 1 0 1 0 2 0 2 2 2 1 2 0 1 0 1 0 2 2 2 2 1 0 0 1 0 2 0 2 2 0 1 1 0 0 2 2 1 0 1 1 2 1 0 2 2 2 2 2 1 2 0 2 1 1 0 2 1 0 1 0 0 1 2 1 2 0 
2 1 2 2 1 2 0 0 2 2 2 1 1 1 0 2 1 1 1 1 0 1 1 1 1 2 2 1 0 1 0 1 0 1 0 2 1 1 2 1 1 1 2 1 1 1 1 2 1 1 1 2 1 2 2 2 0 2 0 2 1 1 0 2 2 1 2 0 2 2 2 0 1 0 2 2 2 1 1 1 2 0 2 0 
2 1 2 2 0 2 0 1 0 0 1 0 0 0 2 1 2 2 1 2 1 2 0 0 2 1 0 1 2 2 2 0 0 1 2 0 2 2 0 1 2 0 2 2 2 1 0 1 1 2 0 2 2 1 0 0 0 2 0 0 1 2 0 0 2 0 1 1 2 2 1 1 1 1 0 1 1 0 0 1 2 1 2 0 
2 1 0 2 2 1 0 1 1 1 0 2 0 2 1 0 2 0 1 0 1 0 2 1 2 1 2 1 1 0 2 1 0 1 1 0 0 0 2 2 1 2 2 1 2 0 2 1 2 0 1 0 0 0 2 1 2 1 1 1 1 2 1 2 0 2 0 1 2 0 1 0 1 2 0 1 1 0 2 2 1 1 2 0 
2 0 0 2 0 2 1 2 2 0 1 2 1 2 2 1 2 0 0 1 0 1 0 1 0 0 2 0 2 0 1 1 1 1 0 1 0 0 0 2 1 0 2 2 2 1 2 0 2 0 1 0 0 1 0 1 1 1 1 0 0 0 2 2 2 1 1 1 2 1 0 1 1 0 0 2 2 1 2 1 1 2 1 1 
1 2 2 1 1 2 0 1 0 1 0 1 2 0 2 1 2 1 0 2 0 2 2 2 2 1 1 1 0 2 0 0 2 1 0 0 1 1 2 0 1 0 0 2 2 1 1 1 1 2 0 2 0 1 0 2 0 1 1 1 0 2 2 2 1 1 1 2 1 0 1 0 1 1 1 2 1 1 2 2 0 2 0 1 
0 1 2 1 1 0 1 1 2 0 1 0 1 1 1 1 2 2 0 0 1 0 2 0 1 1 0 2 0 1 2 2 1 0 2 1 1 0 2 2 0 1 1 2 2 0 2 0 2 2 0 1 0 2 2 0 1 0 1 0 1 1 0 1 1 0 0 1 2 1 1 2 1 2 0 1 1 1 1 0 2 1 0 2 
1 2 2 0 1 0 0 1 2 1 1 1 1 2 1 0 0 2 0 0 1 2 1 1 0 2 0 0 2 2 0 0 2 1 0 0 1 0 1 0 2 1 2 1 2 0 1 2 2 2 0 0 2 2 0 1 1 0 1 2 2 0 2 0 0 1 1 1 2 1 2 1 2 0 0 1 1 2 2 1 0 1 0 1 
2 1 0 2 0 2 2 0 2 1 2 1 1 1 1 1 1 0 0 0 2 1 1 1 0 1 0 0 0 2 0 0 1 2 2 1 2 2 0 1 0 1 1 1 2 0 0 2 0 2 1 0 0 2 1 1 0 1 1 2 1 1 1 2 1 1 1 2 1 2 1 2 2 1 2 1 0 1 1 0 2 2 1 2 
1 0 1 2 0 1 0 0 0 0 1 1 1 2 0 2 0 2 1 1 0 2 2 1 1 1 2 2 1 2 1 0 0 2 2 0 0 1 1 1 1 1 0 0 2 1 2 0 0 1 1 0 1 2 2 2 0 1 1 0 1 0 0 1 2 2 1 0 1 0 0 2 0 0 1 0 0 2 0 2 0 0 1 2 
0 0 0 2 1 0 1 1 2 1 0 2 0 2 0 1 0 0 0 1 1 2 1 2 2 2 0 0 1 2 2 1 1 1 2 0 2 1 0 1 0 1 0 0 2 0 2 0 1 0 0 0 1 1 1 1 1 2 1 0 0 2 0 1 1 2 1 0 2 1 0 1 1 1 2 0 0 0 1 1 1 1 2 1 
0 2 1 0 2 2 1 1 0 2 0 0 1 1 0 0 0 0 1 0 0 0 0 1 2 1 2 0 2 1 1 0 0 0 0 1 1 1 2 1 0 2 1 2 1 0 2 2 0 1 0 0 2 0 1 2 0 0 2 2 0 2 0 0 2 2 2 2 1 2 2 1 0 0 0 2 0 2 2 0 0 1 2 0 
2 0 2 2 2 0 2 0 2 2 0 0 1 1 1 1 1 1 1 1 0 0 0 1 2 1 2 1 1 1 1 1 0 0 1 0 1 2 0 2 1 0 1 1 0 1 0 1 2 0 2 1 0 0 1 2 2 2 1 2 1 0 1 2 1 2 0 2 0 1 1 0 2 1 1 2 2 1 1 0 1 2 2 0 
2 0 1 1 0 0 0 2 1 2 1 2 0 2 0 0 1 2 1 2 1 1 0 1 0 1 2 0 2 2 2 0 0 1 0 0 1 1 2 1 2 2 0 0 2 1 1 2 2 0 0 2 2 2 0 2 1 0 1 2 1 2 0 0 0 0 0 1 0 1 0 0 0 1 2 0 0 2 1 1 0 0 1 2 
2 0 2 0 0 1 2 0 0 1 0 0 1 1 0 0 2 0 2 2 1 1 1 0 1 2 1 1 0 1 1 2 1 0 0 0 2 2 1 2 2 1 0 1 2 0 2 0 2 1 0 0 0 1 0 1 1 0 2 2 0 1 1 0 2 0 1 1 1 1 1 0 0 1 0 1 2 2 2 2 2 2 1 0 
1 1 1 2 0 1 1 2 1 0 1 0 0 0 1 2 0 2 0 1 0 2 2 2 2 1 1 0 2 0 2 0 1 2 2 2 0 1 1 0 1 0 0 1 0 2 2 2 1 2 2 1 1 1 2 2 0 1 1 2 1 0 1 0 2 2 2 1 2 0 0 1 1 2 1 2 1 2 2 1 2 0 2 0 
0 1 0 0 1 2 0 1 0 0 1 1 1 1 1 0 2 1 2 2 1 1 2 2 2 1 1 1 2 0 0 2 2 2 1 1 2 2 2 1 2 0 0 2 1 1 0 1 2 1 1 1 2 1 0 2 1 0 1 0 2 0 2 0 0 1 1 2 2 1 2 1 0 1 2 2 2 1 2 2 0 2 2 1 
1 2 1 0 2 0 1 0 0 1 0 0 1 1 1 2 0 1 1 0 0 1 0 2 1 0 1 2 1 0 2 0 2 2 2 1 0 1 1 2 0 2 2 1 2 0 2 0 0 1 0 2 1 0 1 0 0 2 2 1 0 1 2 1 0 2 0 1 2 0 2 2 2 1 1 1 0 1 1 0 1 2 1 0 
0 0 2 0 1 2 2 2 2 0 1 1 2 0 0 0 0 0 2 2 2 0 0 1 1 1 0 2 1 2 2 1 1 1 1 2 0 0 1 2 2 0 0 1 1 1 0 2 1 0 1 0 1 1 1 1 0 0 2 1 2 0 0 1 1 2 0 2 1 2 1 2 0 2 2 0 0 0 0 2 1 2 0 1 
0 0 0 2 0 0 2 1 2 0 0 0 1 2 2 1 1 0 0 1 0 2 2 0 1 2 0 0 0 0 2 0 0 1 0 0 1 0 0 0 2 2 1 1 1 2 0 0 2 2 2 1 2 0 0 0 1 2 2 0 0 0 2 2 1 1 1 0 2 1 1 2 2 2 0 0 2 0 1 0 2 0 2 2 
1 2 2 0 1 0 2 0 1 2 1 1 2 0 1 0 0 0 1 0 1 1 1 1 0 0 2 0 1 1 0 2 2 2 0 0 2 1 1 0 2 2 0 0 1 2 2 1 2 2 1 0 1 2 0 1 1 2 2 0 0 1 1 2 0 1 0 2 1 1 1 0 1 0 1 0 1 0 1 0 0 0 0 0 
2 1 0 1 0 0 1 0 1 2 2 2 1 0 2 1 0 0 1 2 0 2 1 1 1 1 1 2 2 1 0 2 2 0 0 2 1 2 1 0 1 2 0 1 2 0 1 0 2 1 2 0 0 2 0 0 0 2 0 2 2 0 0 2 0 1 2 0 2 0 1 0 0 1 1 0 1 1 2 1 0 2 1 2 
1 1 2 1 0 0 1 1 2 0 2 2 1 0 0 1 0 2 0 2 1 0 2 0 1 2 2 1 1 1 0 2 1 0 1 1 2 0 0 0 2 2 1 2 2 2 0 1 0 1 0 0 2 1 1 1 2 0 2 0 1 2 1 0 0 2 2 0 0 1 1 1 1 2 0 2 2 0 1 1 1 1 1 0 
0 1 1 1 1 2 1 0 2 2 1 0 1 0 2 1 2 1 2 2 2 0 1 1 1 1 1 1 0 0 2 1 2 2 1 0 1 0 0 2 2 2 0 1 2 0 0 0 1 0 0 2 0 0 2 0 0 2 2 0 2 1 0 0 1 1 2 0 0 0 1 0 2 1 1 2 2 2 2 2 1 2 1 0 
1 0 2 1 0 2 2 0 2 0 1 1 1 2 2 0 0 2 0 0 1 1 0 1 1 1 2 1 1 0 0 2 0 1 2 0 2 2 2 1 1 0 2 1 0 1 0 0 0 1 2 1 0 2 1 0 1 1 2 0 1 2 2 1 0 2 0 2 2 1 0 0 0 1 0 2 1 2 0 2 2 2 1 0 
1 1 0 1 0 2 0 0 2 2 0 2 1 1 1 1 0 1 0 2 2 2 1 1 0 2 1 2 2 2 2 2 1 1 0 1 0 2 1 2 2 1 2 0 0 2 1 1 0 0 1 0 0 1 1 2 2 1 1 1 2 2 2 0 0 0 2 1 2 0 1 2 2 2 2 1 1 2 1 1 2 0 1 1 
2 1 2 1 2 2 0 0 2 0 2 0 1 2 1 1 2 2 0 1 1 2 2 1 0 1 2 0 1 0 2 0 0 0 1 2 0 1 0 2 0 0 2 2 1 1 2 1 0 1 2 2 0 1 2 2 2 0 2 0 2 2 0 0 1 0 1 2 1 2 2 1 2 2 0 2 1 2 0 0 2 0 2 1 
0 2 1 2 2 2 0 0 1 1 2 0 0 0 0 1 2 1 0 1 2 1 0 1 0 2 2 0 0 2 0 1 2 0 2 0 2 0 0 1 1 2 1 0 1 2 2 1 0 2 0 0 0 0 0 0 1 0 1 0 2 0 1 1 2 0 2 2 0 1 2 2 1 1 0 1 2 2 1 0 0 1 0 0 
1 2 0 1 1 0 0 1 1 0 2 1 2 0 2 0 1 2 2 0 1 2 0 0 0 1 2 0 1 0 0 0 0 2 0 2 1 1 0 2 0 1 0 1 2 2 0 1 2 0 1 1 1 0 2 2 0 0 0 0 0 2 2 0 0 2 2 0 2 1 1 2 1 0 2 2 1 1 2 1 1 0 2 1 
1 0 1 0 1 0 2 0 2 1 2 2 0 1 0 1 0 2 0 0 0 0 2 2 0 1 1 0 1 1 0 1 1 2 2 2 2 1 0 1 0 1 0 2 0 0 2 1 2 2 2 2 1 1 1 2 0 0 1 0 1 1 0 2 0 0 0 0 2 1 1 1 2 1 1 0 0 2 0 2 0 1 1 0 
0 0 2 1 0 1 2 1 1 0 0 1 1 2 2 0 2 2 1 1 0 1 2 2 2 0 0 2 2 2 2 0 0 0 0 2 0 0 1 2 1 2 0 2 2 1 0 0 1 0 2 1 0 2 2 2 1 2 2 0 1 0 2 2 1 0 2 2 1 0 2 1 1 2 2 1 2 1 2 2 2 0 2 1 
0 0 1 1 2 2 1 1 1 2 0 0 0 2 2 0 2 2 2 2 1 1 0 2 2 2 0 1 0 0 2 0 1 1 1 1 2 2 0 2 2 2 0 0 1 0 2 1 1 2 1 2 1 1 1 1 1 1 1 1 1 0 0 0 1 1 1 2 2 2 0 1 2 1 2 1 1 1 2 0 0 0 2 0 
1 2 1 2 1 2 1 1 0 1 2 0 0 2 2 2 0 2 1 0 1 2 2 1 2 2 0 1 0 2 2 1 2 1 1 0 2 1 0 1 0 0 2 1 2 1 0 1 2 1 2 2 0 2 0 2 1 2 2 1 1 0 1 2 0 1 2 1 0 1 1 0 2 0 0 0 1 1 1 2 0 1 0 0 
1 2 2 0 1 0 0 2 0 1 0 1 1 2 2 2 1 1 0 0 1 2 1 1 0 1 0 1 0 0 0 0 0 1 1 2 1 1 2 2 2 0 2 2 0 0 0 2 2 0 2 2 1 0 2 1 2 2 2 1 0 1 0 1 2 0 0 0 2 0 0 0 2 0 1 0 1 0 0 1 2 1 1 1 
2 2 1 1 0 0 0 0 2 0 2 0 2 0 1 1 1 2 1 0 1 1 0 1 1 0 0 0 1 2 1 1 1 0 2 2 0 2 0 2 2 0 2 1 1 1 0 1 0 2 0 2 0 2 2 2 0 1 1 2 0 0 0 1 2 2 0 2 1 1 2 2 2 0 2 1 0 1 2 0 0 0 1 0 
2 2 1 0 1 2 0 0 1 1 2 2 0 0 0 1 0 2 1 2 0 1 0 2 1 2 0 2 0 2 1 1 2 0 0 1 1 2 1 1 1 0 2 1 1 2 2 2 0 2 2 0 1 0 0 1 2 1 1 0 2 2 0 2 0 2 0 0 0 1 1 2 2 1 0 1 1 1 1 2 0 1 2 2 
0 2 2 1 2 0 1 0 2 0 2 0 2 0 2 2 2 0 0 1 1 1 1 0 2 0 0 2 0 2 2 0 2 1 0 2 2 2 1 0 1 2 2 1 0 0 0 0 2 2 1 0 1 2 0 1 2 1 1 1 2 1 2 2 2 1 0 1 1 0 1 1 2 2 1 0 1 0 1 1 1 1 0 1 
1 1 0 2 0 2 1 0 0 0 2 1 1 2 1 1 1 0 0 1 2 0 0 0 1 2 2 2 1 1 2 1 2 2 1 2 0 2 2 1 1 2 1 2 1 2 0 2 1 0 2 1 1 1 1 0 1 2 1 1 2 2 2 2 2 1 2 0 2 2 2 1 1 0 2 1 1 1 1 2 0 2 2 0 
1 1 1 2 0 0 2 0 2 2 0 1 2 2 2 0 1 2 1 0 2 0 1 1 0 0 2 1 2 1 0 1 1 2 2 0 0 1 2 0 1 0 2 2 2 0 0 1 2 0 2 1 0 0 1 0 1 1 1 1 2 0 2 2 0 1 2 0 2 2 2 1 1 0 2 2 1 1 0 0 0 2 2 1 
1 2 0 2 1 1 2 1 1 1 0 0 0 0 2 1 2 1 0 2 0 0 1 1 1 2 1 0 0 0 0 2 1 2 1 2 1 2 0 1 2 0 2 1 2 2 2 2 1 0 1 1 0 2 2 1 1 0 1 0 2 2 1 1 0 0 2 1 1 2 2 1 2 0 2 0 2 1 1 2 0 0 1 2 
1 1 2 0 2 0 2 1 1 1 1 2 0 1 1 1 0 1 0 1 2 0 1 2 0 0 0 2 1 1 2 2 1 1 2 2 2 0 0 1 0 0 0 0 0 0 1 0 0 0 0 2 2 0 1 1 1 2 0 1 0 2 0 0 0 0 1 1 0 2 0 0 2 1 2 2 0 1 0 2 2 1 0 0 
2 2 2 1 2 2 2 0 2 1 2 0 1 0 2 1 0 0 1 1 0 1 1 2 1 2 0 2 2 0 1 0 1 0 1 1 1 0 1 1 0 1 0 2 0 2 2 2 2 1 1 2 0 1 2 0 0 2 1 1 1 1 0 1 1 0 0 2 0 2 0 2 1 2 1 2 2 2 0 1 1 0 0 1 
1 1 0 1 0 2 0 2 1 2 1 0 1 1 2 2 0 0 0 0 2 1 2 1 2 1 2 0 2 0 2 2 1 1 2 2 2 2 2 0 1 1 1 0 2 0 1 0 2 1 2 0 1 2 1 0 0 1 1 0 2 1 1 0 0 1 0 0 2 2 2 1 2 1 0 2 1 1 2 0 2 1 1 2 
0 0 0 2 0 0 2 1 1 0 1 0 0 0 2 1 2 2 0 0 0 0 0 2 2 2 0 1 2 0 0 2 0 0 1 0 1 2 0 0 0 0 0 0 2 0 1 0 1 1 0 0 0 1 1 2 2 1 0 1 0 1 2 1 2 2 1 2 0 0 2 1 1 1 0 1 1 2 2 1 0 0 0 2 
0 0 2 2 0 1 2 1 2 0 2 2 1 1 1 1 0 1 0 1 1 2 1 2 1 2 1 1 2 2 2 0 0 1 0 1 2 1 1 2 2 0 0 2 1 1 2 2 2 2 1 0 1 1 0 0 0 0 1 2 2 0 1 0 0 0 2 2 2 2 0 1 2 2 0 1 1 1 0 2 2 2 0 1 
1 0 2 2 1 1 2 2 2 0 2 1 0 2 0 0 0 1 0 1 0 1 0 2 1 2 0 1 0 1 2 0 2 0 1 0 0 2 2 0 2 1 2 2 2 2 0 1 2 1 2 1 1 0 2 1 1 2 1 1 2 2 0 2 0 2 1 1 0 0 2 2 2 2 1 1 0 0 1 2 0 1 1 1 
1 2 0 0 1 2 1 0 2 1 0 1 1 1 0 1 2 2 1 0 2 2 1 0 2 2 0 0 0 0 2 0 2 1 1 0 1 0 2 1 0 0 2 2 1 2 1 2 0 1 2 2 1 2 2 0 2 2 1 1 1 2 0 0 1 0 1 2 1 0 1 0 1 2 1 1 2 2 1 1 0 2 2 1 
2 1 2 0 1 0 0 0 0 2 0 0 1 1 2 1 0 2 2 1 1 0 0 1 2 0 1 2 1 0 0 1 2 2 0 1 1 0 2 0 1 2 2 0 2 0 2 0 2 0 0 2 1 2 1 2 0 1 2 0 1 0 2 0 1 2 1 0 1 2 0 1 0 0 1 0 1 0 2 2 2 0 2 1 
0 1 2 2 0 1 1 2 1 1 0 0 0 0 2 0 2 1 1 1 0 0 0 1 0 0 0 1 0 0 2 0 2 1 1 2 2 1 2 1 0 2 1 1 1 1 0 2 0 2 0 1 1 2 0 1 0 0 2 1 0 2 2 2 2 1 1 0 1 2 2 2 0 0 1 0 1 2 1 2 2 0 1 2 
2 2 1 1 2 0 0 1 0 1 0 0 1 0 0 2 1 2 1 0 1 2 1 0 1 2 1 0 1 1 1 0 0 2 0 1 0 1 2 1 1 0 0 0 0 0 0 1 1 2 0 0 0 1 1 2 1 2 2 0 2 2 2 1 1 2 0 2 0 0 0 2 0 2 1 2 2 1 2 1 2 1 0 1 
1 0 1 0 1 1 2 2 2 1 0 1 0 0 2 0 2 2 1 2 0 0 1 0 1 2 1 0 2 2 2 2 0 0 1 0 1 1 2 0 1 0 0 1 2 2 1 2 1 2 1 1 0 0 1 0 2 2 0 1 0 1 2 1 0 2 1 1 2 0 1 1 2 0 1 0 0 0 1 1 0 2 0 2 
0 2 2 0 2 1 2 1 2 1 2 1 1 0 0 0 2 0 0 2 2 0 1 0 2 1 1 2 1 0 1 2 2 0 1 1 2 0 2 2 2 0 0 0 2 1 1 0 1 1 1 2 0 2 1 2 2 2 2 1 0 1 2 0 2 2 0 0 2 2 2 0 1 1 2 2 2 1 2 2 2 1 1 2 
0 1 0 2 1 1 0 2 0 2 1 0 0 1 1 2 2 0 2 0 1 1 1 0 2 2 2 1 1 0 0 2 2 2 0 1 2 2 2 1 2 0 2 0 2 2 2 2 1 1 0 0 2 2 0 0 1 0 1 2 2 0 0 1 2 2 0 2 2 2 1 1 2 2 1 2 2 0 2 2 1 0 2 0 
1 0 1 0 1 1 2 2 0 0 2 0 0 2 1 2 1 1 0 1 2 1 2 0 0 1 1 1 0 1 0 2 1 1 0 2 1 0 1 1 2 2 1 0 2 1 0 1 0 1 1 2 1 0 1 0 2 2 1 0 1 0 0 2 2 2 1 0 2 1 0 1 0 2 0 1 1 1 1 2 0 2 2 1 
0 0 2 1 2 1 1 1 2 0 1 2 2 1 1 0 0 1 2 1 0 2 1 0 1 1 2 2 2 1 0 2 2 1 1 1 2 1 2 0 2 2 0 2 1 0 0 1 0 1 0 1 0 2 0 0 1 1 2 0 1 0 1 2 0 1 1 1 1 2 1 1 2 0 1 0 2 2 2 2 2 2 2 2 
0 0 0 2 0 1 1 1 0 1 0 1 1 1 2 0 0 2 1 0 1 1 0 2 1 0 2 1 1 2 1 0 0 0 2 0 1 0 1 1 1 2 1 1 2 0 2 1 0 2 2 0 0 2 0 2 0 2 0 0 1 2 0 0 0 2 0 0 1 1 0 1 2 1 1 1 1 0 0 0 2 2 0 2 
0 1 2 1 2 2 2 2 0 2 0 1 2 2 0 1 0 1 1 1 2 2 0 1 1 1 2 2 1 0 0 1 2 0 1 1 1 2 2 2 2 0 2 1 0 2 1 0 2 1 1 1 1 0 2 0 2 2 2 1 1 1 2 1 2 1 0 1 2 2 1 1 2 2 2 0 1 2 2 2 0 1 2 1 
0 2 2 0 0 2 0 0 2 2 2 2 0 0 0 0 2 2 1 1 1 2 1 0 0 0 1 2 1 1 0 0 1 2 1 1 2 0 1 0 2 2 0 2 0 0 1 2 2 2 0 2 0 0 2 1 2 2 0 1 1 1 2 1 1 0 1 2 1 1 2 1 1 0 0 1 0 0 1 1 1 0 0 1 
0 1 2 1 0 2 1 1 0 0 2 2 2 0 1 2 1 1 2 1 1 1 0 0 0 1 0 2 0 0 0 1 0 2 0 1 1 2 0 1 0 0 0 2 1 0 2 0 1 2 2 1 1 0 2 0 1 0 1 0 1 2 1 2 1 0 0 1 2 2 1 1 1 0 0 2 0 0 2 2 1 1 0 2 
2 0 2 0 2 0 1 1 1 0 0 0 2 1 1 2 0 2 1 0 1 1 0 2 1 0 2 0 2 1 2 1 0 0 1 1 0 2 2 2 0 1 1 2 1 0 1 0 1 0 0 0 2 0 2 0 2 1 0 1 0 2 1 0 0 0 2 2 2 1 2 1 2 2 2 1 1 1 0 1 2 2 2 2 
0 0 2 1 2 1 1 2 2 1 2 2 0 1 1 1 1 2 0 2 2 0 1 2 2 1 2 0 1 0 1 0 2 0 0 1 0 2 0 2 1 2 1 1 2 0 2 1 1 2 0 0 2 2 2 1 0 2 2 0 2 2 2 1 0 1 1 1 2 0 2 2 1 0 0 0 2 1 0 2 2 2 0 1 
0 1 1 2 2 1 2 2 1 2 1 2 2 1 0 2 2 1 0 1 1 0 2 2 2 1 2 0 0 0 1 0 0 1 1 0 0 0 0 2 0 2 0 2 2 2 0 2 0 1 2 2 0 1 1 1 1 1 0 1 1 0 1 1 0 2 2 2 2 2 1 2 2 1 1 2 0 0 0 0 1 1 0 0 
1 2 2 1 0 0 2 1 2 0 1 1 2 0 0 2 2 2 2 2 1 0 0 1 2 2 0 0 0 1 0 2 2 1 1 2 2 0 0 0 0 1 1 2 0 0 1 1 1 1 2 2 0 0 1 1 2 2 2 2 0 2 0 1 2 2 0 0 2 1 1 1 2 2 2 2 1 2 0 1 0 2 2 1 
0 2 0 2 0 1 2 1 2 2 1 1 0 0 1 2 2 1 0 0 0 0 0 2 1 1 1 1 1 1 0 2 1 2 0 2 2 2 0 1 2 1 1 2 0 1 1 0 1 0 0 2 2 1 2 2 1 0 0 0 2 0 2 1 0 0 0 1 0 0 2 0 0 2 1 1 0 1 2 0 2 0 0 2 
1 2 2 0 0 1 2 0 0 2 1 1 2 0 0 2 0 0 0 2 0 0 0 2 0 2 2 1 2 1 0 0 1 0 2 1 2 2 2 2 1 2 1 1 0 0 1 0 1 2 2 1 2 2 0 0 2 2 0 0 2 0 0 1 2 0 2 1 1 2 0 0 0 0 1 1 0 2 0 2 0 2 0 2 
0 0 1 1 0 1 0 0 2 0 1 1 2 2 0 0 2 2 2 0 2 0 0 0 2 2 2 2 0 2 0 1 2 0 2 2 2 0 2 1 1 1 0 0 2 1 2 0 0 1 1 1 1 2 2 2 2 2 2 1 0 2 1 1 1 2 2 0 1 1 1 0 2 1 0 1 2 1 0 0 0 0 0 2 
1 0 2 0 2 2 1 2 2 2 1 2 2 0 0 0 2 0 0 1 0 2 2 1 2 2 2 1 1 1 0 0 2 1 1 1 2 1 2 2 2 2 0 2 2 1 0 2 2 1 0 2 2 1 1 2 0 0 2 2 2 0 2 1 0 0 1 0 2 0 0 0 1 1 2 2 0 2 2 0 2 1 2 0 
1 2 0 1 2 2 0 2 0 0 0 0 1 2 0 1 1 0 1 2 1 1 2 1 0 1 0 0 2 0 0 0 2 0 1 0 1 0 2 1 0 2 2 1 2 2 0 0 1 0 1 1 1 2 2 0 0 1 0 2 0 1 0 2 0 1 1 1 0 1 2 0 0 0 1 1 2 1 0 2 2 2 0 1 
2 1 0 2 1 1 0 0 1 2 2 0 0 2 0 0 1 0 1 2 1 1 2 2 0 0 0 0 2 0 2 2 1 1 1 2 0 0 1 1 1 2 1 0 0 0 1 1 1 2 1 0 1 2 1 0 1 1 0 2 1 1 2 1 0 2 1 1 2 0 1 0 2 2 0 1 2 0 2 1 0 1 1 1 
2 1 2 1 0 2 2 0 0 1 2 1 1 0 1 1 0 1 1 0 1 0 2 0 2 0 2 0 0 2 0 1 0 1 2 1 0 0 0 1 1 2 0 2 2 0 0 2 0 2 1 2 1 2 2 1 0 2 2 1 1 2 2 1 1 1 1 0 1 0 1 2 1 1 1 0 1 2 2 2 2 1 0 1 
1 1 1 0 1 2 0 0 0 0 0 1 0 1 1 2 1 0 2 0 2 1 1 2 2 0 1 0 0 1 1 0 1 1 0 1 0 0 1 0 2 2 1 0 0 0 2 0 2 0 2 0 0 2 1 2 2 0 0 2 2 1 1 0 1 0 0 2 0 1 1 2 2 0 1 2 0 2 1 0 0 2 1 2 
0 2 0 0 0 2 0 1 1 2 1 1 1 2 2 0 0 0 0 2 1 1 0 2 0 2 2 0 2 0 2 1 2 1 0 0 1 0 1 2 0 1 0 0 0 2 1 1 0 1 2 2 1 0 1 2 2 2 1 2 1 1 1 1 2 2 1 2 0 2 2 1 2 1 2 0 0 0 2 2 0 2 1 1 
0 1 1 1 1 2 0 0 2 0 0 1 0 0 2 2 0 2 0 1 1 1 2 0 1 0 0 2 2 0 0 0 2 2 0 1 1 1 1 2 0 2 2 2 2 1 1 1 2 1 0 2 1 2 0 1 0 1 0 0 1 0 2 0 1 2 0 1 2 2 2 0 1 2 2 1 1 0 2 2 2 0 0 1 
2 1 1 0 0 2 1 2 2 0 1 0 1 2 0 0 0 0 1 1 1 1 2 2 1 2 2 0 2 0 2 2 1 1 1 2 1 2 1 0 2 1 0 0 2 2 1 1 1 0 1 2 2 0 2 1 1 2 1 2 2 2 1 2 1 1 1 0 0 0 0 1 1 2 0 1 1 2 2 2 1 0 1 1 
2 1 2 1 0 2 2 1 1 1 1 0 2 2 1 1 2 2 1 1 0 2 1 1 0 0 2 0 2 2 0 2 0 1 0 2 1 2 0 1 0 0 0 2 1 2 0 1 1 1 1 2 0 0 2 1 0 0 1 1 2 0 2 2 2 2 2 0 1 0 1 1 1 1 0 1 1 2 0 0 1 1 2 2 
1 1 0 2 2 2 0 0 2 1 0 1 0 1 0 2 2 0 1 1 2 0 1 1 0 2 0 1 0 1 1 1 2 0 1 1 2 2 2 0 2 1 1 1 2 1 2 0 0 1 0 2 2 1 1 1 2 0 2 1 2 2 2 0 2 0 0 0 0 0 0 1 2 1 2 2 1 1 1 1 1 2 2 2 
1 1 1 2 1 0 0 1 2 2 2 1 0 2 0 1 0 0 2 1 1 1 2 2 0 2 2 1 0 0 1 0 1 1 2 0 1 2 0 2 0 2 1 0 2 1 0 0 0 1 0 0 2 2 2 2 1 2 2 1 2 1 1 1 0 1 2 2 0 0 1 2 2 2 2 0 0 2 0 0 0 1 1 1 
0 0 2 2 0 0 2 1 0 1 0 1 0 2 0 2 1 0 1 1 1 2 2 2 2 2 0 1 0 1 1 0 2 0 1 0 0 1 0 0 2 2 0 1 2 2 1 2 2 1 1 0 1 1 0 2 2 2 1 2 0 1 0 1 1 0 0 2 0 2 2 2 1 2 0 1 2 1 2 0 2 0 0 1 
1 1 0 2 0 2 2 0 2 0 0 0 1 2 2 1 0 1 0 1 1 0 1 1 0 1 0 0 0 2 1 1 1 2 1 0 2 0 0 2 1 1 1 1 2 2 1 1 0 0 1 1 2 0 0 2 2 1 0 2 1 2 1 2 2 1 2 0 0 2 2 1 1 0 0 0 0 1 1 0 2 2 2 2 
0 1 1 2 1 2 2 2 1 2 1 2 2 0 0 1 0 0 0 1 1 1 0 2 2 2 2 2 1 2 1 2 0 0 1 2 1 1 0 2 0 1 1 0 2 0 1 0 0 1 1 1 2 0 0 0 2 2 1 0 1 0 2 0 2 0 0 0 1 2 0 0 0 0 2 1 2 2 2 1 2 1 2 2 
1 0 1 0 0 0 2 1 2 1 2 2 2 2 0 2 0 1 0 1 2 2 1 1 1 1 0 0 2 2 2 1 1 0 0 1 2 1 0 1 1 0 0 0 0 0 0 2 2 1 1 2 1 0 2 0 1 0 0 0 1 1 0 1 0 1 1 1 0 0 2 2 0 0 2 0 2 2 1 0 1 0 0 1 
2 0 0 0 1 2 2 1 1 0 0 0 1 1 2 1 1 1 0 2 0 0 2 0 1 1 0 0 1 2 1 1 1 2 2 0 1 1 1 1 2 1 0 0 2 1 1 0 0 1 2 0 2 2 2 0 2 0 2 0 1 0 1 0 2 2 2 2 2 2 2 0 0 1 0 2 1 2 0 0 0 0 2 1 
0 0 1 2 1 1 0 1 1 0 0 1 2 2 2 0 0 1 0 2 1 0 2 1 2 2 2 2 1 0 2 2 1 0 0 2 1 0 2 2 2 1 0 2 1 0 0 1 0 2 2 2 1 0 1 1 0 2 1 1 0 1 2 0 0 0 0 2 2 1 1 1 1 1 0 0 1 1 0 2 1 0 0 0 
1 1 0 2 2 2 2 1 1 1 0 0 2 2 1 0 2 1 0 0 2 0 0 1 2 0 0 1 1 1 1 2 2 2 1 1 2 0 1 1 0 1 1 1 0 2 1 0 1 2 0 0 1 2 2 1 1 2 0 0 2 0 2 2 0 2 2 1 0 0 1 1 1 2 1 1 1 2 0 2 2 2 2 1 
1 0 0 0 1 0 2 0 0 0 0 0 2 1 2 0 1 1 2 2 1 2 2 1 1 0 1 2 0 1 0 2 1 1 1 0 2 1 2 0 1 2 1 0 0 2 2 0 1 1 0 0 0 1 1 1 1 2 0 0 0 0 2 0 2 0 2 0 0 1 1 1 0 0 2 2 1 2 2 0 1 0 2 0 
0 2 1 1 2 2 0 0 0 1 2 0 2 1 1 1 0 2 2 1 2 2 1 2 1 0 1 1 0 0 0 1 2 2 2 1 0 2 2 1 2 2 1 0 1 1 0 1 2 2 0 0 2 0 2 1 1 0 1 2 2 2 1 2 2 1 2 0 0 0 1 1 1 0 1 0 0 1 2 1 2 0 0 0 
0 0 1 0 0 0 2 2 0 0 0 2 2 2 2 1 1 2 0 0 0 0 1 2 1 2 0 0 1 2 0 1 1 0 0 0 2 1 1 0 2 0 0 0 2 0 0 2 1 1 2 1 0 1 1 2 2 1 2 2 1 2 1 2 1 0 0 2 0 0 2 1 2 1 1 1 2 1 1 1 0 1 1 0 
0 1 0 2 2 2 0 0 0 2 1 1 0 2 0 2 2 1 2 0 2 1 1 2 0 2 1 0 2 1 1 1 1 0 0 1 1 1 0 1 0 0 1 1 0 1 2 1 1 2 0 0 2 2 2 2 0 0 0 2 2 0 0 2 0 1 0 0 1 2 2 0 2 2 2 0 1 2 0 2 0 0 0 0 
0 2 1 0 1 2 2 0 1 2 0 2 1 2 1 0 2 1 2 0 2 0 1 2 2 1 1 0 1 1 0 2 1 2 0 1 0 0 1 1 1 0 2 2 0 0 1 0 0 0 2 0 2 1 0 1 2 2 1 2 2 1 1 2 1 1 0 2 0 2 0 2 1 2 1 2 0 1 0 2 1 2 0 2 
2 2 0 1 1 2 1 1 2 2 0 0 0 1 0 0 2 2 0 2 0 1 0 1 2 1 0 1 1 1 1 0 0 0 0 1 0 0 2 0 1 2 2 0 2 1 1 1 2 2 0 0 0 2 2 1 1 2 0 2 1 1 0 1 2 0 0 0 2 1 2 1 1 0 1 2 0 2 1 2 0 0 1 2 
1 0 2 0 0 0 0 0 0 1 2 2 2 0 0 0 2 2 1 2 1 2 1 2 2 2 1 1 2 0 0 0 1 0 0 1 2 2 1 0 2 2 0 0 2 0 0 2 2 2 1 1 2 2 1 0 1 2 2 0 2 1 0 2 1 1 1 1 0 0 0 0 2 2 0 2 0 0 2 2 1 0 2 2 
1 1 1 0 1 0 2 0 2 0 0 2 1 1 2 1 1 2 2 2 2 1 2 2 1 0 1 2 1 1 1 0 2 2 1 1 0 0 1 1 1 2 2 2 0 1 0 1 0 1 0 1 0 0 1 1 1 0 2 2 2 1 0 1 1 0 1 2 1 1 0 1 1 0 1 2 2 1 1 0 2 2 0 1 
0 2 0 1 1 2 1 2 0 2 2 0 0 2 0 1 1 1 0 2 2 2 1 1 0 1 0 2 0 0 2 1 1 0 2 2 2 2 2 1 0 2 2 1 0 1 2 1 2 0 2 1 2 0 1 2 0 2 2 2 0 0 1 2 2 2 0 2 0 0 2 1 2 0 0 0 2 0 2 0 2 0 0 2 
0 1 2 2 0 1 0 1 0 0 1 1 1 2 2 2 1 1 2 1 0 0 0 1 2 1 1 1 2 1 2 2 2 2 1 2 1 0 2 0 0 2 2 0 1 2 0 1 0 0 1 1 1 0 2 0 1 0 1 1 2 0 0 0 0 2 1 0 2 1 0 0 1 1 0 1 1 0 1 0 0 2 1 2 
0 0 1 0 1 0 2 2 2 1 1 1 2 0 1 2 1 2 2 1 2 2 0 1 2 2 1 1 2 0 1 2 0 1 1 2 2 1 2 2 0 1 1 0 0 1 0 1 2 2 1 2 0 2 0 1 1 0 1 2 0 2 1 1 2 0 2 1 1 1 1 0 2 2 0 1 2 0 1 1 1 2 1 2 
1 0 1 1 0 0 1 1 1 2 1 1 1 0 2 1 0 2 1 0 1 0 1 0 0 0 0 0 1 2 2 1 2 2 2 1 0 2 1 0 2 0 2 0 1 2 2 2 2 0 0 2 1 1 1 1 2 1 0 0 1 0 1 0 1 1 1 2 1 2 0 1 2 2 1 1 1 1 2 0 2 2 2 1 
0 0 1 1 0 0 1 0 0 2 0 0 2 1 1 0 1 2 0 1 2 2 0 1 0 2 0 2 0 2 0 2 0 0 0 2 2 1 0 1 2 0 2 2 2 0 1 1 1 1 0 2 2 0 2 0 2 2 1 1 2 1 0 1 1 0 1 1 0 2 0 0 2 2 2 1 0 1 2 2 0 0 0 1 
1 0 1 2 0 0 0 1 1 1 1 1 2 1 1 0 2 2 0 0 1 0 0 1 1 0 1 0 1 2 1 1 0 2 1 1 1 2 1 1 1 2 0 2 1 2 2 1 0 0 2 0 1 2 0 2 2 1 1 1 2 0 0 1 2 1 0 0 1 1 2 2 0 0 0 0 1 2 2 0 2 1 0 0 
0 0 2 2 2 0 2 2 0 1 0 0 1 0 0 1 0 1 1 1 1 2 1 2 2 0 1 2 2 0 2 0 1 2 2 1 1 2 2 0 1 2 2 0 2 1 1 0 2 1 2 2 0 2 0 2 2 1 2 0 2 0 1 1 1 0 1 0 0 0 2 2 2 1 1 0 1 0 0 0 2 0 1 0 
0 0 2 2 2 0 0 0 2 1 0 1 0 2 2 0 0 0 0 1 2 1 2 2 1 0 2 2 2 0 2 0 2 1 0 1 2 0 0 2 2 0 1 2 1 2 0 1 1 1 0 0 1 0 0 1 2 2 1 2 1 1 2 0 1 2 1 2 0 2 1 2 0 1 1 0 1 0 1 1 0 0 1 2 
0 1 0 0 0 1 2 0 1 2 0 1 0 0 2 2 0 1 1 2 1 1 2 1 2 0 1 2 1 0 1 2 0 2 2 2 0 1 1 2 0 0 2 2 0 1 2 2 0 0 0 1 1 0 1 2 0 1 0 2 2 2 1 1 0 0 0 0 2 0 1 0 0 1 2 1 0 2 0 0 2 0 0 0 
2 2 1 1 0 1 2 0 0 0 1 0 2 1 1 1 0 2 0 2 0 0 0 2 1 1 1 1 2 2 1 0 0 1 0 0 1 1 0 0 0 1 2 0 0 2 2 2 0 0 1 1 0 0 2 1 1 1 1 2 1 1 0 2 1 0 2 2 2 0 0 1 1 1 1 1 0 0 2 1 0 1 2 2 
1 0 1 0 2 2 2 0 1 1 0 1 2 0 2 0 0 0 1 2 1 1 0 1 2 0 2 2 0 1 2 0 2 1 0 1 1 1 0 0 0 1 0 2 1 1 2 0 2 1 1 0 1 0 2 0 0 1 1 1 1 2 0 2 0 0 1 1 1 2 2 2 2 1 2 1 1 1 2 0 2 0 0 0 
1 0 2 0 2 0 2 0 2 0 0 2 0 2 2 2 1 0 1 0 2 0 0 0 2 0 0 2 0 1 2 2 0 0 2 1 1 1 0 0 1 1 2 1 2 1 2 2 1 1 1 2 1 0 0 2 0 2 1 2 0 0 0 0 0 1 2 1 0 2 2 0 2 2 2 1 0 0 0 2 2 1 2 1 
0 2 1 2 2 0 1 1 2 1 0 0 1 2 2 1 2 1 1 0 2 2 0 1 1 0 1 0 1 2 0 2 1 2 2 1 0 2 1 2 0 0 2 2 1 0 1 2 0 2 1 0 2 1 1 2 1 1 1 2 2 2 1 1 1 0 1 2 1 0 1 0 0 2 1 1 2 0 2 2 1 1 0 1 
0 0 1 2 0 1 2 2 1 0 0 1 2 1 1 2 0 1 0 0 2 2 1 0 1 2 0 1 0 2 2 1 1 2 0 2 0 1 0 1 2 1 2 1 1 0 1 2 0 2 0 0 0 2 1 1 2 2 2 0 1 1 2 1 0 2 2 2 0 2 0 1 2 1 2 0 1 2 1 0 2 0 2 2 
0 2 0 1 2 0 2 2 1 2 0 2 1 0 1 1 1 1 1 1 0 1 1 1 0 2 1 0 0 1 1 2 1 0 0 2 0 2 0 1 0 0 0 0 0 2 0 2 1 1 0 2 1 2 2 1 2 1 0 2 2 1 1 0 0 0 2 0 1 1 1 0 2 2 0 2 2 2 0 2 1 2 1 0 
2 2 2 1 0 1 2 2 2 1 2 0 0 2 1 2 2 2 2 2 2 0 1 0 2 2 1 2 1 2 0 2 1 1 1 0 1 1 0 0 1 2 1 0 1 0 0 2 1 1 1 2 2 1 0 0 0 1 0 2 0 1 0 0 0 0 2 2 2 2 1 1 2 2 2 1 0 1 0 2 0 0 0 0 
2 0 2 1 2 0 1 1 0 1 2 2 1 0 1 0 1 0 2 1 1 1 2 2 2 1 1 1 1 1 0 2 1 1 0 0 1 2 0 0 2 0 0 2 0 2 0 2 2 0 1 1 1 0 1 0 2 0 2 1 1 2 1 0 2 1 0 2 1 0 0 2 0 2 0 1 0 2 1 1 1 0 1 2 
1 0 2 0 1 0 0 0 0 1 1 2 1 0 1 2 0 2 0 2 1 1 0 0 2 0 0 1 0 0 1 0 1 1 2 1 1 0 1 1 0 2 2 2 0 2 2 2 0 0 1 1 0 0 0 1 0 1 2 2 0 1 1 0 2 2 0 0 0 0 2 2 1 1 0 2 1 0 2 0 1 2 1 1 
1 0 2 0 0 0 0 2 2 2 1 0 1 1 0 1 0 0 0 0 0 2 2 0 2 1 2 0 0 1 1 2 1 1 2 1 0 1 1 1 1 1 0 1 1 0 0 2 1 1 0 2 2 0 0 2 0 1 0 2 0 2 2 2 1 0 2 2 2 2 2 2 1 2 0 2 2 0 2 1 1 0 2 1 
1 1 2 2 1 2 0 2 1 0 1 0 0 0 1 1 1 0 1 1 1 2 1 0 2 2 2 0 1 2 1 1 1 1 1 0 2 0 1 0 2 2 1 1 0 1 0 2 1 2 0 0 0 0 2 2 2 2 1 0 1 0 1 0 1 1 0 1 2 1 0 1 1 1 2 0 1 0 0 0 2 0 2 2 
0 2 0 2 2 1 1 1 0 2 0 0 0 1 0 0 2 0 1 2 2 0 1 2 2 2 1 0 2 0 1 0 0 1 0 2 0 1 0 0 2 2 2 2 1 2 0 1 0 0 2 0 0 0 2 2 1 0 1 0 1 0 1 2 0 1 0 1 1 2 0 0 1 2 0 1 2 0 2 1 0 2 1 2 
0 2 0 1 2 0 2 2 1 1 0 2 0 1 0 1 0 2 2 1 0 2 2 2 2 1 2 1 2 0 0 2 2 2 1 0 2 2 2 0 1 2 0 0 0 1 2 1 2 0 1 2 1 0 1 2 2 1 2 0 1 1 1 1 1 2 0 1 1 1 0 2 0 1 0 0 1 1 2 2 0 1 1 0 
0 0 0 1 2 1 2 2 1 1 1 1 1 0 0 2 0 1 1 2 1 2 0 0 1 0 0 2 0 0 2 2 0 1 1 2 0 1 2 1 1 0 2 1 0 0 1 1 2 2 0 1 0 1 2 2 1 0 0 1 1 2 0 2 0 1 0 2 1 0 2 0 1 1 2 0 1 2 2 2 1 0 0 2 
0 0 0 1 2 2 0 0 0 1 2 1 0 1 2 1 0 2 0 2 0 2 0 0 2 1 1 2 2 2 2 2 2 0 0 2 0 0 2 1 0 2 1 2 2 2 2 0 1 0 0 0 1 0 2 2 0 2 0 1 2 2 2 0 1 2 0 0 1 0 2 1 0 1 2 0 0 1 1 0 2 2 2 1 
1 2 2 0 0 1 1 0 2 2 2 2 1 1 0 2 1 1 0 2 2 0 2 2 0 1 0 2 1 2 0 1 0 1 2 1 2 1 2 2 2 2 1 1 0 0 0 0 0 2 2 0 2 0 1 2 2 1 1 0 1 1 2 0 1 2 1 1 1 0 0 2 2 0 1 1 2 0 0 2 2 0 1 0 
0 2 0 0 2 0 1 2 0 2 2 0 1 1 2 0 1 2 1 1 1 2 1 2 2 1 0 2 1 2 0 1 0 2 2 0 1 2 0 1 0 0 0 2 2 1 2 2 1 0 2 0 0 2 2 2 0 2 0 2 2 0 1 2 0 1 1 0 2 0 1 0 0 0 1 1 1 0 1 1 1 0 2 1 
1 2 2 1 1 1 1 2 0 0 2 1 1 2 0 0 0 1 2 1 2 1 0 1 0 0 0 0 2 2 1 2 1 0 0 2 2 1 0 2 0 2 2 0 2 2 2 0 1 0 0 0 0 2 0 0 0 1 2 2 2 1 2 0 2 1 0 1 0 2 1 1 1 1 1 1 2 1 1 2 2 1 0 1 
0 2 0 0 2 1 1 1 2 2 1 1 1 0 0 1 1 0 1 2 0 2 1 1 2 0 1 0 0 0 2 0 1 0 1 2 2 0 0 0 0 2 1 1 0 2 0 1 2 2 2 1 0 1 0 2 1 1 2 0 0 2 1 2 0 2 0 0 2 2 1 1 2 1 2 0 1 0 1 2 0 0 0 2 
0 2 1 1 2 2 0 0 2 1 2 1 0 0 2 2 2 2 1 0 1 1 0 2 2 2 1 0 0 2 1 1 0 1 0 1 2 2 1 0 2 2 0 2 2 0 1 0 1 2 2 0 0 0 2 2 1 2 1 1 2 1 1 2 1 0 2 0 1 0 0 2 1 2 2 2 2 2 2 0 2 2 1 1 
0 0 1 1 2 1 2 0 2 0 1 1 2 0 0 1 2 1 0 1 0 0 2 0 0 0 1 2 1 1 1 1 1 2 1 0 0 1 2 1 1 1 2 0 0 2 1 2 0 2 2 0 0 0 2 0 0 0 2 0 1 2 0 1 0 1 2 2 2 0 2 1 0 0 1 1 1 0 1 1 1 1 0 1 
2 2 1 1 0 2 0 1 1 0 0 1 1 0 1 0 2 0 2 0 1 0 0 0 1 0 0 1 0 0 0 1 1 2 1 2 2 1 2 0 2 2 1 1 2 1 0 0 0 1 1 0 2 0 2 2 0 1 1 2 2 2 1 1 2 2 1 1 0 0 2 2 0 1 1 0 2 1 1 1 0 1 0 0 
0 2 1 0 0 1 0 2 0 2 2 1 0 1 1 2 0 1 0 2 0 2 1 1 0 2 1 1 0 1 1 1 2 0 1 2 1 0 0 1 1 0 1 0 2 1 0 1 0 1 0 0 0 0 2 1 2 2 2 1 0 1 1 2 0 0 0 1 2 0 2 0 2 0 0 2 0 0 1 1 0 0 0 0 
2 1 1 2 1 0 1 0 2 1 0 1 1 0 2 0 0 1 2 0 0 2 1 1 2 1 1 0 0 0 1 2 2 1 0 0 0 1 0 1 1 1 0 2 0 0 2 0 2 0 2 0 2 0 0 0 1 2 0 1 2 2 0 1 0 1 0 0 2 0 2 2 1 2 0 2 2 1 1 0 0 0 1 2 
1 0 2 0 0 1 1 1 2 2 2 2 0 1 2 0 0 1 0 2 1 1 0 0 2 1 1 2 2 0 0 0 2 2 1 0 2 0 2 1 0 0 0 0 1 1 2 2 0 0 0 0 2 2 2 2 1 0 2 0 0 1 0 0 2 2 0 2 0 1 1 1 2 1 2 1 0 2 2 0 1 1 2 1 
2 2 2 2 2 2 1 1 2 2 2 0 1 2 1 1 2 1 0 1 0 1 1 2 2 0 2 0 0 2 0 0 1 0 2 2 0 1 1 2 0 2 2 0 0 2 1 2 1 0 1 0 2 0 1 0 0 0 0 1 2 1 0 2 0 0 1 1 1 2 1 2 1 0 0 0 1 0 1 2 0 2 1 0 
