4
1     1     3  5165   249   729
1     1     5  1393   563    91
1     1     6  3092    94   917
1     2     3  8299   683   981
1     2     6  1177   740   860
1     2     7  6929   124   704
1     2     8  7953   483   109
1     3     6  8473   838   906
1     3     7   889   869   589
1     4     5  5540   385   901
1     4     7  7576   549   502
1     4     8  8473   445   825
2     1     5     1  1140     0
2     2     4     8  3607     0
2     3     8     2  1267     0
2     4     6     1  2253     0
2     5     4     5   253     0
3     7     3   367 
0
1     1     3  5165   249   729
1     1     5  1393   563    91
1     1     6  3092    94   917
1     2     3  8299   683   981
1     2     6  1177   740   860
1     2     7  6929   124   704
1     2     8  7953   483   109
1     3     6  8473   838   906
1     3     7   889   869   589
1     4     5  5540   385   901
1     4     7  7576   549   502
1     4     8  8473   445   825
2     1     3     1   140     1    3   6   521
2     2     4     7  3607     1    2   7  3678
2     3     8     2  1267     1    3   2  6872
2     4     6     1  2253     1    3   1  4781
2     5     4     5   253     1    1   5   256
3     7     3   367 
0
1     1    12  6763    53   976
1     1   102  3422   145    39
1     1   155  8466   346   733
1     2    64  4270   936   921
1     2   123   643    61   199
1     2   171  6419   875   356
1     3     9  2458   137   287
1     3    27  3199   689   420
1     3   117  4428   449   781
1     4    46  4560   552   194
1     4   142  1134   616   381
1     5    11  5267   132   644
1     5    28  2442   468   572
1     5    46  8059   140   920
1     5   111   737   490    79
1     5   115  8301   642     9
1     6    47  8863   344   378
1     6   100  4750    96   608
1     7   163  1159   709   280
1     7   167  8199   386   182
1     8    28  6062   438   353
1     8    43  6286   667   484
1     8   126  1382   384   851
1     8   129  7697   228   697
1     8   195  7345   474   204
1     9    44  1590   458   627
1     9    47  6808   688   794
1     9   144  6229    31   456
1    10    37  6876   792   293
1    10    76  1975    96   331
1    10    93   397   961   804
1    10   195  6219   406   833
1    11   132  2261   110   229
1    11   161  1864   347   138
1    12    29  3013   740    54
1    13   143  4375   527   628
1    13   161  3880   755    56
1    13   178  3920   520     2
1    13   199  5805   933   547
1    14   139  3294    87   548
1    14   172  2867   830   618
1    14   175  3715   510   532
1    14   176  6805   852   897
1    14   182  3069     8   471
1    15    44  7584   296   199
1    15   124  2657   314   823
1    15   132  5779   330   858
1    15   148  8204   979   190
1    16    66  4819   424    33
1    16   195  6610   373   797
1    17    61  2624   628   458
1    17    80   621   443   861
1    17   108  8961   595   776
1    17   174  7695   581   561
1    18    19  4621   371    82
1    18    58  3066    79   883
1    18   124  1950   918   540
1    19    29  4643   299   731
1    19    80  7772   213   350
1    19    90  5705   437   407
1    19   186  7373   628   569
1    20    91  5766   227   195
1    20   128  2001   458   126
1    21    93  4814   764   217
1    21   145  3621   733   163
1    22    50  7627   473   284
1    22   124  1050   358   501
1    22   141  6447   645   187
1    23    52  8442   887   943
1    23    80   278   661   822
1    23   111  4473   301   111
1    23   120  3700   538    42
1    24    25  4233   953    44
1    24    94  1019   422    20
1    24   108  8238   606   601
1    24   175  2936   814   625
1    25    31   797   218   330
1    25    43  7393   120   683
1    25    52  6941   161   624
1    26    50   809   374   415
1    26    52  2799   738   238
1    26   115  4838   143   708
1    26   180  6252   592   172
1    27    63  5238   453   488
1    28    35   673   783   327
1    28   118  8708   614   319
1    30    47  6391   221   611
1    30    53  2177   701   656
1    30    92  1379   840   134
1    30   190   213   866    38
1    31   166  1954   485   269
1    32    45  5829   127     3
1    32    69  4185   154   434
1    32    79  2954   507   839
1    32   141  3386    85   884
1    33    61  5138    10   524
1    33   176   177   266   493
1    34    48  8331   448   459
1    34    60   829   540   808
1    34    88  6538   370   105
1    34   149  7451   527   407
1    35   145  5398   710   337
1    35   196   225   395   260
1    36   100  3563    81   536
1    36   105  7106    48   122
1    37   101  1408   375   147
1    37   129  7925   786   511
1    37   139  2103   234   810
1    38    66  5589    59   236
1    38    69  3873   507   403
1    38    77  4662   582   321
1    38   159  3129   838   393
1    38   199  8406   147   161
1    39    46  1656   404    89
1    39   134  7653   833   480
1    39   157   441   452   708
1    40    77  6164   336   753
1    40   116  4907     8   789
1    40   172  3588   731   802
1    41   103  2092   836   540
1    41   134  7133   483     3
1    41   151  3386   826   303
1    42   127  2553   807   401
1    42   150  8424   236   585
1    42   166  3714   961   863
1    43   186   872   216   180
1    43   189  4576   584   606
1    44    85  8771   361   855
1    44   104  4904    87   839
1    44   122  3002   349   178
1    45   166  4215   406   361
1    46   196   977   689   172
1    47    55  4321   272   398
1    48    52   540   733    93
1    48   157  2889   654   434
1    49    70  6756   158   450
1    49   132  7009   371   825
1    49   199  3419   610   933
1    50   163  3073    84   304
1    50   167  6983   854    10
1    51    67  2359   176   597
1    51   115  7357    83   912
1    51   142  7449   478    51
1    51   158  1310   793   609
1    51   178  6386   543   873
1    53   123  1791   316   218
1    53   150  6052   362   101
1    53   165   500   378   451
1    54   126  7294   119   212
1    54   128  7727   655    38
1    54   131  1173   980   171
1    54   167  4597   631   846
1    54   200  8755   123    73
1    55   181  5052     0   812
1    56    83  8586   261   251
1    56   117  6691   804   780
1    56   151  4854   173   240
1    56   173  4907   286   162
1    57    71  4760   979   971
1    57   127  4223   440    88
1    57   160  1015   601   727
1    58    98  2066   412   482
1    58   179  7791   857   204
1    59    60  4173   496   457
1    59   184  3856   254   276
1    59   194   616   455   670
1    60   158  3657   796   227
1    60   160  4083   621   982
1    62    63  5303   216    32
1    62   145  8093   528   933
1    62   149  3405   971   313
1    62   168  6465   172   489
1    63   142  8497   457   497
1    64   169  4459   108   175
1    64   197  5175    11    72
1    65   133  4022    67   335
1    65   189  5123   849   357
1    66   168  3572   190   905
1    67   152  4287   970   404
1    67   177  2161    79   928
1    68    78  5113   527   262
1    68    83  8857   108   160
1    68   123  3271   328   389
1    68   159  7309   640   662
1    69   164  1628    66   173
1    70   121  7502   364   386
1    70   144  4884   709   978
1    71    81  3011   783   493
1    71    84  7891   442   349
1    71   190   698   309   764
1    72    85  2294   574   816
1    72    92  2529   279   881
1    72   146  4266   251   589
1    72   166   653    28   950
1    73   131  2856   579    37
1    73   133  4113   590   312
1    73   149  3350   134   804
1    73   172   792   255   680
1    73   190  1790   821   389
1    74   111  8874   727   113
1    74   113   292   902   523
1    74   126  1175   684   230
1    74   169  4462   703   526
1    75   135  7518   586   794
1    75   137  7182   323   427
1    75   139  6544   502   184
1    76    90  4678   627   800
1    76   152  6867   891   619
1    76   178  1044    22   495
1    77   155  7831   497   493
1    78    80  8815   234   417
1    78    95  2451   305   632
1    78   138  2061   489   873
1    78   184  6939   575   282
1    79   120  4275   413   285
1    79   183  3674   821   860
1    79   193  4775   648    42
1    81   160  6633    52   371
1    81   185  6595   795   401
1    82    91  8940    24   911
1    82    95  5599   954   387
1    82   114  7538   531   997
1    82   177  3597   955   133
1    82   192  1651   312   677
1    83   180   653   505   764
1    84    85  5298   743   689
1    84   121  2122    36   215
1    85   102  6859   677   369
1    86   135  1489   105   154
1    86   156  3186   168   766
1    86   157  4611    10   828
1    86   198  3587   138   603
1    87   107  5019   785   992
1    87   116  6511   789   437
1    87   198  5398   313   590
1    88   196  8487   406   755
1    89    92   787   724   285
1    89   163  5232   841   963
1    89   170  3061    53   806
1    89   179  1272   906   295
1    89   200  5313    46    81
1    90   126   104   861   854
1    90   132  3007   507   826
1    91    96  7572   718   334
1    91   187  1967   464   418
1    92   182  7569   919   562
1    94   161  6642   158   844
1    94   198   764   541    92
1    95   136  7459   240   322
1    95   194   844   353   650
1    96   143  5779   946   993
1    96   183   714   288   504
1    96   185  1045   428   952
1    97   106  7174   856   902
1    97   138  5357   989    73
1    97   154  4283   383   698
1    97   187  8712   866   497
1    97   197  7238   265   337
1    98   165  4117   471   752
1    98   176   957   370   543
1    99   160  7249   892   901
1    99   177  7969   886   600
1   101   102   812   923   607
1   101   158  2110   922   996
1   103   115  2768   249    35
1   103   137  5952   711   702
1   104   122  8982   618   805
1   104   148  7999   844   480
1   104   185  1969   144   373
1   105   118  7995   355   572
1   105   135  5492   294   817
1   105   140  1193   159   975
1   105   155  8239   939   810
1   106   181  4028    66   393
1   106   182   549   925   971
1   106   187  6206   882    91
1   107   117  1154   440   676
1   107   130  5494   662   189
1   107   193  3096   765   210
1   108   130  1479   573   790
1   108   176  4786   241   563
1   108   194  8834   715   633
1   109   120  7017   368   884
1   109   135  8245   243    21
1   110   114  7584   109    54
1   110   155  6103   842   549
1   110   167  3426   824   938
1   110   185  8945   740   948
1   111   147  8322   866   938
1   112   140   214   450    63
1   112   141  2088   914   317
1   112   164  1925   186    28
1   112   166  4297   751    30
1   112   177  4468   759   887
1   113   157  4947   407   944
1   113   162  5255   557   616
1   113   173   466   708   152
1   113   192  1650   476   703
1   114   119  3802   216   130
1   117   162  4955    21   358
1   118   148  6982   593   402
1   119   125  2561   930    97
1   119   128  7408   642   716
1   119   184  7514    98    54
1   122   135  5968   749   290
1   122   170  1245    49    45
1   123   171   944   408   848
1   123   190  5114   269   236
1   125   148  6233   940   835
1   125   171  2416   979   384
1   125   188  3325   719   677
1   128   184  4547    94   170
1   129   162  6601    84   222
1   129   181  7310   739   266
1   130   144   701    49   859
1   133   171  8327   460   491
1   136   143  4364   775   102
1   136   185  8878   706    44
1   137   139  1721   889   194
1   137   165  1087    40   212
1   138   147  2999    70   146
1   138   197  7166   316   568
1   140   186  1793   174   233
1   140   194  7762   550   301
1   141   179  4390   469   929
1   143   146  6758   791   365
1   146   165  4039   585   218
1   146   182   769   923   568
1   146   188  1975   611   754
1   147   190  7162   262   647
1   149   164  8759   485   178
1   150   158  7436   961    62
1   150   186  4570   618   487
1   151   170  1405   113   656
1   151   200  3409   665   544
1   153   154  8049   584   705
1   153   164   490   558    29
1   153   172  2601   904   275
1   153   192  7310   653   112
1   153   200  2432   256   388
1   154   155  7408    17   487
1   156   174  6989   703   397
1   156   196  7283   784   701
1   162   179  4528   689   227
1   167   192  1889   229   659
1   174   179  2180   184    20
1   174   191  7541   757   360
1   177   191  4729   420   229
1   183   188  7523   740   917
1   183   200   306   320   518
1   188   191  3325   895   455
2     1   120   109  2022     0
2     2   126    90    65     1     181   129  6287
2     3    10    93   286     0
2     4   111     5   655     1     127    42  1504
2     5   171   125  2376     0
2     6   159    38   761     0
2     7    15    44  1395     0
2     8     8   126   190     1      81    71  1142
2     9    33    61   225     0
2    10   171     2  3013     1     155   110  4151
2    11   128   119  1493     0
2    12   110   114  6350     0
2    13   184    59  1107     0
2    14    28     8  2556     0
2    15   180    83    15     0
3    95   194   677 
0
1     1    65  6264   699   108
1     1    70  2055   499   455
1     1   244  7123   925   368
1     2    45  1668   767   183
1     2    85  1515   688   858
1     2   229  1629   953   374
1     3    77  4838   148   490
1     3   192   129    29   216
1     4   155  4294   920   445
1     4   199  1940   551   225
1     5    42  7268   577   259
1     5    44  1120   662   738
1     5    55  5960    36   260
1     5   247  6320    10   819
1     6    36  6944   463   233
1     6   159  3887   661    59
1     7    88  3934   484   717
1     7   138  5596   275   274
1     7   143  6577   412   524
1     8    80  2670   398   254
1     8   153  4174    64   506
1     8   205  1473   504   409
1     9    79  7481   666   854
1     9    82  6371   877   804
1     9    97  3013   417   971
1    10   118  8509   283   495
1    10   144  6173   625   853
1    10   192  7201   173   643
1    11   167  2596   206   477
1    11   217  3273   633   593
1    12    54  2163   591   699
1    12    75  2612   912    79
1    12   103  2905   173    90
1    12   215  7292   930   178
1    13    90  6680   206   682
1    13   176  1245   148   562
1    13   203  6806   813   433
1    13   229  5373   313   293
1    14    27  1972   545   803
1    14    36  1507   451   775
1    14   142  7795   883    46
1    14   219  1605   674   934
1    15   141  1096   338   984
1    15   176  7012   582   994
1    15   185  5785   455    96
1    15   214  3624   845   894
1    15   242  6561   283   996
1    16    37  5197   578   210
1    16    77  2816   730   795
1    16   105  6071    48   768
1    16   128  8828   929   691
1    17    39  8934   595   968
1    17   108  6221   357   348
1    17   132  4093   212   371
1    17   162  1026    91   633
1    17   187  7372   357   399
1    18    60  8936   436   789
1    18    61  1023   270   249
1    18    94  8494   262   732
1    18   176  5915   553   400
1    18   188  1187   959   552
1    19   102  5515   991   531
1    19   103  2724     4   950
1    19   146  1573    22   458
1    20   116  1027   890   105
1    20   138  8944   479   825
1    20   142   878   770   706
1    21   106  2394    79    52
1    21   151  6683   600   504
1    21   197   648   903   384
1    21   201  6877   145    43
1    21   240  8413   807   133
1    22    77   573   893   211
1    22   205  2937   580   257
1    22   224  6254   945   172
1    23   165   528   692   628
1    23   166  5834   323     7
1    23   236  5437   974   643
1    23   237  8920   189   474
1    24    37  6021   397   453
1    24    79  4860    29   357
1    24   120  3194   732   175
1    25    72  4977   357   565
1    25   113  2378    70   987
1    25   143  5455   811    68
1    26   130   301   333   339
1    26   166  5717   954   503
1    26   185  3976   992   503
1    27    48  1819   657   579
1    27    78  5485   451   762
1    27   104  8225   813   745
1    27   120  4314   931   482
1    28   105   275   446   726
1    28   134  6018   627   573
1    28   191  2345   119   942
1    28   205  2670    23   330
1    29    73  8233    40   341
1    29    91  8660   339   566
1    29   118   813   630   162
1    29   154  1429   552   422
1    29   188  5029   492   499
1    30    88   540    66   384
1    30   182  6629    54   637
1    30   199  7185   456   970
1    30   247  6708   583   794
1    31    93  7657   441   430
1    31   190  5262    42   643
1    31   203  1967   898   669
1    32   135  3107   403   456
1    32   177  6006    89   745
1    32   192  2555   795   571
1    32   239  6670   760   600
1    32   247  3902   209   667
1    33    34  5428   228   550
1    33    98   140   721   821
1    33   128  7264   392   348
1    33   189  7567   258   921
1    33   192  7773   659   686
1    34    89   427   131   594
1    34   217  8242   469   813
1    35    96  5325   855   771
1    35   128  8180   199   662
1    35   180  4157   436   171
1    35   209  1700   294   684
1    35   219  3116   318   794
1    36   142  8063   181   538
1    36   231  3605   815   784
1    36   234   793   387    26
1    37   153  4593    90   144
1    37   179  3917   109   349
1    37   212  5623   824   676
1    38    64  6064   717   975
1    38   148   442   710   501
1    38   191   614    43   305
1    38   206  7492   910   422
1    39    51  8908   408     0
1    39   106  4948   864   805
1    39   209  4410   832   473
1    40   120  4280   301   129
1    40   142  7433   265   677
1    41   139  7117   238   568
1    41   201  8750   783   161
1    41   235  4089   248   598
1    42    54  5508   970   497
1    42   146  1843   379   150
1    43   158  8166   837   735
1    43   168  5275    77    41
1    43   216  5859   290   616
1    43   233  4065   311   819
1    44    80  8865   887    69
1    44   233  1013    23   444
1    45   164  3588   127    60
1    46    78  6684    83   953
1    46   115   118   292   361
1    46   182   918   320   189
1    46   193  8778   781   333
1    46   207  7684     9   206
1    47    96  6313   204   528
1    47   112  1574   506   989
1    47   186  6680   245   906
1    48    73  4939   790    13
1    48   105  5821   797   904
1    48   191  2488   426   784
1    49   101  8719   880   547
1    49   160  4036   259   250
1    49   165  5613   986   446
1    49   184  8220   884   636
1    49   238  4925   333   964
1    50   100  8806   934   407
1    50   127  4373   738   187
1    50   138  6408   427   264
1    51    93  6633    11   744
1    51   213  4295   150   119
1    52   143  8471   561   134
1    52   177  4839   225   273
1    52   193  7851   985    22
1    52   208  8650   930   383
1    53   144  2626   270   351
1    53   178  1580   513   709
1    53   226   736   646   893
1    53   249  7869   363   329
1    54   120  4009   623   425
1    55   125  6926   567   997
1    55   139  7080   962     1
1    55   184  1193   676   867
1    56    60  3737   919    48
1    56   198  8979   685   888
1    56   211  3160   692   286
1    56   227  6666   731    68
1    57    68  4607   152   926
1    57    87  1613   135   478
1    57   218  2428   383   364
1    57   219  5471   172   606
1    57   241  3506   815   743
1    58   205  2225   538   924
1    58   227  4316   503   500
1    59    64  3841   921   139
1    59   190  2760   953   385
1    59   207  8959   677   929
1    59   244  2429   555   641
1    60   149  4261   268   921
1    60   179  5647   547   153
1    61    94  2789   158   590
1    61   218   679   512   492
1    61   233  2489   246   543
1    62    87   248   831   185
1    62    92  6410   935   720
1    62   230  8170   419    81
1    63   119  6756   533   102
1    63   126  2557   642   798
1    63   167  2794   147   221
1    63   236  5867   501   808
1    64   100  8817   591   673
1    64   130  2815   377   972
1    65    71  1208   229   605
1    65    95  7139   628   427
1    65   238  1112   252   414
1    65   249  1705   672   696
1    66    86   155   784   265
1    66   104   554   480   930
1    66   213  5267   484   141
1    66   242  7061   387   395
1    67   109  1572   174   578
1    67   230  3781   243   822
1    68   117  1556   547   736
1    68   146  8632   983   159
1    68   207  3692   296   445
1    68   237  8081   202   731
1    69   208   402   267   221
1    69   224  6253   909   978
1    70   138  2347   520   353
1    70   222  6667    56   835
1    71   190  3157   624   825
1    71   237  2164    56   734
1    71   248  8202   259   555
1    72   194  2082   301    76
1    72   210  4258   411   931
1    72   226  6136   910   121
1    73    83  2899   119   469
1    73   112  7888   542   614
1    73   207  4458   142   198
1    74   127  8632   476   263
1    74   130  1796   131   875
1    74   202  2128    51   525
1    74   203   364   951   732
1    74   248  6271   564   211
1    75   109  3888     8    23
1    75   126  8039   435   161
1    75   250  8968   709   646
1    76   126  8117   549    60
1    76   206  5495   899   220
1    76   207  1377   754   186
1    76   222  3407    42   844
1    80   246   274   177   880
1    81   186   693   631    23
1    81   233  6738   922   736
1    81   234  5523   510   373
1    82   177  1991   527   224
1    82   249  2691   863   598
1    83   134  2140   752   669
1    84   204  6780   639   203
1    84   209  3871   722   370
1    84   222   208   178   368
1    85   116  3142   472   385
1    85   134  7604    41   752
1    85   235  1484   465    76
1    85   243  7672   529   514
1    86   123  8060    65   180
1    86   211  6882   314    32
1    86   236  3971    18    26
1    86   248  7592    46   456
1    87   138  6481   281   592
1    89   124   321   988   719
1    89   161  8459   699   706
1    90    92  6208   644   879
1    90   122  8500   647   735
1    90   168  6276   183    42
1    91   107  6745   509   922
1    91   180   791   430   414
1    92   144  3208   348    56
1    93   211  8655   228   778
1    94   149  6197   955   672
1    95   140  8492   346   560
1    97   169  8546   282   505
1    98   158  4619   964   254
1    98   227  6716   695   609
1    98   239  8509    42   950
1    99   141  5354   178   591
1    99   211  2170   933   642
1   101   136  4699    78   795
1   101   197   862   439   542
1   101   215  6727    85   271
1   101   241  4054   170   449
1   102   131  1469   169   979
1   102   204  6861   944   839
1   102   244  2105    99   159
1   104   111  1077   837   493
1   107   131  6993   384   102
1   107   214   963   799   726
1   108   210   533   649    21
1   109   155  2353   404   246
1   109   236  7466   282   267
1   110   129  8468   520    24
1   110   161  1478   217    17
1   110   202   973   591   869
1   111   112  3267   647   876
1   111   168  2789   901   343
1   111   208  1966   799   664
1   112   174   539   802   793
1   112   194  5782   440   168
1   113   181  5827   559   347
1   114   130  1924   988   995
1   114   175  1031   266   177
1   114   197  1697   702   851
1   114   226  7381   468   998
1   114   231   785   984   868
1   115   144  7156   591   100
1   115   156  4641    26    88
1   116   147   343   475   907
1   116   152   635   418   905
1   117   125  2158   975   825
1   117   146  7002   671   509
1   117   156  5685   250   343
1   118   122  8974   286    28
1   119   163  3613   767   980
1   119   243  5180   931   509
1   121   139  1314   645    40
1   121   146  2965   884    57
1   121   243  1818   616   992
1   123   147   109   825   520
1   123   158  2575   929   359
1   124   154  8423    54   348
1   124   161  4079   910   633
1   124   180  3911   736   492
1   125   170  3794   874   920
1   125   232  6263   590   919
1   126   223  3310   744     8
1   126   238  7916    62   300
1   128   236  1941   145   286
1   129   238  6511   173    67
1   131   195  5252   114   835
1   131   216  5203   494   292
1   132   135  7601   983   797
1   132   239  2623   634   896
1   133   162  3919   568   366
1   133   177  5095     8   694
1   133   245  6235   642   157
1   134   241  3815   943   790
1   135   172  3984    43   770
1   135   173  8179   153   106
1   135   228  6306   529   845
1   136   148   539   711   227
1   136   235  6415    73   361
1   137   148  3877   754   782
1   137   189  3783   557   971
1   137   202  7421   598   959
1   137   214  2666   124   473
1   139   141  3619   598   945
1   139   221  8465   638   648
1   140   174  3180   437    11
1   140   243   532   260   354
1   145   151  2573   212   818
1   145   156  6155   813   486
1   145   202   857   437   438
1   145   244  2385   845   910
1   147   172  7575   322   632
1   148   206  2128   974   302
1   149   186  5570   297   367
1   149   235  3393   527   652
1   149   248  6396    89   286
1   150   169  2107   650   632
1   150   178  4126   586   230
1   150   241  1633   196   674
1   151   187  7111   711   918
1   152   163  5008   829   147
1   152   171  1790   221   706
1   152   241  7608   157    26
1   152   246  4900   494    79
1   153   160  6069   278   560
1   153   221  1365   391   315
1   153   228   585   222   309
1   154   203  5038   970   732
1   154   215  4506   336   123
1   157   178  2179   781   135
1   157   246  6135   942   843
1   157   249  3923   176   814
1   158   228  5418   650   306
1   159   169  3108   421   620
1   159   189  2038   710   260
1   159   223  3473   665   551
1   162   174  1204   811   748
1   162   215  7164    18   982
1   163   181  4892   931   834
1   163   221  5258   370   267
1   163   223  2289   373    86
1   164   185  2863   110   104
1   164   232   111     1   448
1   165   220  6307   884   896
1   167   194  4522   216   729
1   167   200  8889   887   452
1   170   181  5346   298   473
1   170   188  5223   282   922
1   170   250  7568   724   213
1   171   204  6002    19   971
1   171   243  1211   912   468
1   172   173  4986    40   953
1   172   245  7231   747   184
1   173   195  2864   338   402
1   173   240  1556   336   993
1   174   215  3247   194   665
1   174   232  4839   812   640
1   175   227  6366   720    19
1   175   244  6056   810   415
1   175   249  1005   280   320
1   178   220  1135   557   504
1   182   185   719     7   242
1   182   188   578   586    25
1   182   232  2672   194   585
1   183   189  8892   852   130
1   183   212  8478   309    93
1   183   221  6166   782   329
1   193   214  2813   533   874
1   193   221  7211   584   832
1   196   206  8483   545   966
1   196   214  3937    77   850
1   196   223  3765   532   914
1   196   225  5200   563    44
1   198   220  6373   544   684
1   198   223  3712   951   275
1   198   224  6030   178   777
1   198   238  4514   526   169
1   200   232  5962   569   304
1   200   246  3564   696   302
1   218   220  6741   601    81
1   218   224  1749   704   764
1   218   225  8034   604   641
2     1   243   119  3400     0
2     2   152   163  2194     0
2     3   218    61    77     0
2     4    92   144     9     1     186    81   672
2     5   171   243   885     1     182   185   355
2     6   181   113  4965     1     145   244  2321
2     7   182    46   235     1     113    25  1527
2     8   139    55  3343     0
2     9    64   130  1589     0
2    10   183   221  3334     1     244   175  1615
2    11   193   221  6279     0
2    12   140    95  3879     0
2    13   177    32  2353     1     190    31  4636
2    14    55   125  1689     1      37    16  1289
2    15   205    22   780     1      32   247  1362
2    16   165    23   227     0
2    17    59    64  2796     1      32   135   610
2    18   113   181   802     1     131   107  1457
2    19   172   135  3671     1     226    72  2491
2    20   199     4   263     1     107   131  5349
3   131   107  3895 
0



