1000
-135.623 -485.27
193.015 -83.11
204 -994.318
-423.265 -419.469
185.227 545.452
-812.787 -62.2693
990.93 -953.881
845.245 821.116
538.725 620.158
-240.452 37.6681
-458.386 828.563
-494.124 -550.403
-185.94 -812.071
439.366 -655.991
-518.183 -919.445
-620.066 501.055
-48.0986 -542.632
-748.862 -843.677
-845.488 29.6881
-329.558 735.609
502.456 301.558
-734.307 611.259
94.5891 -745.164
-334.869 969.956
-592.379 786.136
-935.777 -876.32
504.859 591.405
653.35 -949.756
-221.066 -280.005
-978.657 -743.264
-554.45 -35.2258
554.263 369.903
917.069 841.994
-667.306 757.369
-365.083 -296.047
-222.458 430.659
598.555 -332.168
825.475 -549.209
391.896 -774.778
131.742 728.488
-322.028 415.592
-349.067 -634.861
-884.817 523.243
583.269 220.176
-468.858 -483.756
-716.206 -426.259
-670.474 -709.434
-351.557 315.767
-201.439 286.934
447.157 -1.7707
-361.762 957.813
120.25 -734.773
631.477 823.433
-271.487 51.4335
-623.021 -246.501
-838.852 84.3784
-78.3002 -493.542
699.362 4.6264
-431.147 -448.946
-53.0282 -453.026
51.0772 540.827
939.802 -794.788
388.971 -423.379
-456.986 36.8829
148.117 942.904
-949.409 -97.7986
-148.701 729.474
252.046 -289.967
-235.626 136.764
391.004 -578.411
626.503 -681.897
-747.84 440.158
-774.386 926.596
730.168 725.837
-168.035 737.338
-755.981 89.0852
-891.603 -262.322
468.252 -367.441
171.3 201.881
305.243 884.183
30.2957 -105.508
642.077 995.146
-908.719 865.75
-299.335 -865.505
611.246 -775.062
802.425 -17.6741
-417.524 374.768
668.452 563.158
-275.759 -329.072
-92.7301 502.49
440.211 -533.037
364.029 -683.547
698.042 -169.598
-710.996 473.415
48.745 -378.999
-774.849 -29.2887
144.728 696.22
-821.638 613.115
697.281 936.873
-926.435 815.343
682.139 -952.206
949.34 834.808
116.468 -936.979
-549.98 -24.2926
536.896 -999.606
-957.204 769.637
-314.876 822.614
991.627 154.128
910.115 390.504
-459.325 -405.686
-768.786 836.577
-423.146 -989.517
-41.1741 -326.114
74.4807 -452.337
286.328 -285.588
709.039 379.129
693.114 -801.676
-652.63 691.455
554.359 521.357
-864.098 590.726
9.1154 104.536
637.04 247.216
-425.155 844.986
749.435 297.41
281.995 295.871
20.1603 -433.113
941.996 535.974
335.414 475.601
299.229 317.243
-900.564 -669.224
10.1661 -874.153
-512.947 -145.929
151.539 386.821
791.088 451.862
-670.423 121.96
228.858 -849.589
399.015 -334.247
510.154 -608.663
-647.539 209.475
-188.664 802.218
-59.4172 415.125
845.718 85.7808
362.421 -207.227
501.202 -481.517
51.2184 -898.151
-557.033 -695.518
-683.75 -665.781
-574.503 600.054
-812.789 -700.143
-844.525 -555.057
38.2523 754.191
545.861 505.43
-198.201 -475.825
786.199 273.025
429.718 547.019
-304.073 402.796
289.228 -203.842
-678.127 406.935
-929.031 672.997
-898.715 -190.66
152.028 475.637
431.223 701.566
459.229 946.032
654.711 -572.231
-230.801 -664.295
-357.215 -876.95
177.362 -731.858
-865.362 -684.49
-696.839 543.955
500.741 -161.678
402.582 -23.2407
-85.63 29.3548
32.7263 812.196
395.53 871.875
479.162 754.622
-946.431 602.117
787.104 -375.824
-753.038 122.221
431.401 302.144
-965.675 10.6026
983.068 892.525
469.619 790.954
480.464 -687.832
-216.169 -793.703
440.655 -943.195
-295.642 695.776
589.835 651.274
-192.3 424.799
606.774 -786.787
-407.537 -752.402
-727.349 -889.955
-291.036 606.947
-632.451 622.982
571.741 -604.493
-803.259 872.145
156.049 -760.836
-899.093 162.233
700.771 177.088
-977.64 337.777
-387.742 664.695
993.103 -320.805
645.224 -34.806
-670.206 -459.04
-42.9796 -221.451
361.066 133.815
256.221 303.479
-19.4956 530.913
549.215 -443.62
-149.804 -168.256
13.4391 -56.8965
716.167 -873.852
-105.42 -475.459
605.938 944.691
-546.06 -418.428
114.445 -399.034
303.092 253.338
-178.476 704.091
-849.999 540.86
951.244 -312.421
-735.391 -171.876
-961.753 -788.625
-787.948 -740.845
123.257 -202.096
32.8578 -4.3024
285.183 659.942
-794.877 -358.275
-416.407 -526.763
897.645 -235.248
-979.669 -870.045
-724.723 99.3775
732.528 -440.014
645.885 93.645
386.625 -57.0609
46.4949 -147.811
924.246 -97.6393
-579.082 378.781
-269.099 618.718
204.72 545.018
-970.103 -747.168
254.852 775.407
-327.996 140.207
-7.0924 896.08
-102.739 675.72
-839.239 -703.394
695.193 -505.147
935.356 846.675
-557.009 -805.358
539.06 -607.32
-485.132 -264.044
-970.706 459.136
175.326 -541.6
-98.7041 -836.12
229.095 -875.911
-778.555 -718.954
-367.978 -11.0295
956.019 350.207
-273.827 342.095
-27.7561 554.264
66.014 163.244
-677.266 -667.334
679.42 -630.336
254.4 -483.111
479.38 -151.225
333.765 -572.039
-905.14 674.52
426.364 343.094
-247.625 147.997
46.8393 -655.26
-292.125 816.726
616.212 448.556
-998.472 457.815
84.7256 -688.779
-681.099 -699.798
-79.3874 -190.666
-12.2803 157.2
150.444 -28.645
-653.822 138.762
-352.931 -335.531
-39.3288 442.005
815.142 422.444
800.349 37.3949
575.392 180.825
-545.099 -501.035
605.79 764.264
-911.472 -555.283
954.638 -194.336
253.095 330.727
45.9977 -159.78
367.515 -33.1056
975.139 -166.177
-589.231 120.858
-907.318 576.597
595.152 434.791
-734.043 769.112
410.19 -428.154
531.269 169.042
-419.744 793.172
-654.727 -310.695
-884.178 724.878
960.343 512.886
-352.085 435.852
-798.073 932.689
628.282 -642.923
217.132 190.395
939.065 405.512
900.182 -344.743
543.206 610.83
-350.813 -691.705
-264.895 -261.044
-194.017 -822.639
178.218 694.811
-166.492 184.141
964.594 -537.227
957.771 -347.955
722.94 -729.034
-960.283 607.849
118.09 958.298
-45.3925 -57.2348
257.832 -258.074
670.635 -860.223
263.572 -489.553
565.149 -325.643
-275.295 -419.964
92.4004 636.902
-697.202 890.739
-674.428 -563.674
567.591 -384.457
-933.37 -494.184
-957.172 105.089
-918.392 -650.187
-921.105 -493.69
-448.048 869.295
519.002 561.193
-133.041 779.479
-224.021 583.365
-445.731 -372.833
-460.592 -201.471
52.4174 -676.207
117.678 -721.34
196.933 -792.536
-930.124 679.692
-175.039 798.834
209.128 -637.255
-717.455 700.034
-648.59 -719.157
-263.195 -999.025
-986.592 -81.8218
945.18 711.609
-344.067 -367.149
-859.375 274.981
479.771 573.766
-813.131 271.656
-977.238 -844.102
269.548 234.101
740.184 -166.832
-407.366 898.201
809.101 220.867
-293.075 75.6208
371.298 -981.155
-625.233 69.7994
385.242 995.984
90.5301 -523.161
-829.966 339.196
-485.77 192.04
-716.091 -896.209
-623.491 219.077
-847.647 492.486
-712.543 5.1992
977.632 -650.435
731.122 -581.593
-532.389 785.544
-992.031 -43.1839
-428.304 -801.382
-693.505 -441.313
-738.042 -183.621
971.462 -449.003
-458.529 -552.993
-556.655 10.3389
234.711 877.537
-262.117 -499.36
-474.163 905.838
-889.227 -498.266
327.136 -914.966
72.3276 825.557
-195.008 315.331
479.459 28.7345
744.688 618.097
-122.812 -738.188
912.016 -569.502
-873.035 -909.245
-630.945 326.628
297.832 -810.417
729.689 -162.207
653.121 529.189
700.235 -928.081
972.241 -400.757
-14.3781 -533.55
187.161 -28.2694
-94.647 960.438
274.227 413.07
-843.33 -695.525
-990.792 -618.35
506.947 248.619
964.247 -306.334
166.698 664.814
-696.838 -5.6346
-9.2393 -337.386
-583.304 237.672
304.689 996.351
211.224 -880.119
517.313 -504.128
-463.091 552.111
-994.668 -855.559
948.059 930.695
428.234 -295.644
-668.979 797.493
699.121 573.904
-972.644 -909.706
889.681 -874.476
654.146 -969.262
-591.923 -394.608
855.274 515.924
2.5241 -919.895
31.7757 477.926
859.333 687.747
-180.89 -363.589
1.1954 381.385
878.999 726.721
-332.524 -635.399
-363.427 -134.205
250.148 -660.288
70.5282 367.829
790.913 663.226
-30.7299 952.013
-839.322 171.101
483.253 -295.032
385.825 -218.218
580.272 434.718
-626.427 553.389
58.6896 552.473
-788.984 556.038
57.618 -254.669
-496.778 968.179
-258.29 -57.4054
259.892 -344.589
990.236 -998.514
-196.563 580.411
501.371 -624.219
413.349 -834.123
-603.226 9.922
708.228 -430.158
260.136 738.118
-296.267 70.2345
-760.12 -488.121
-296.668 338.89
-293.592 -446.577
803.183 562.124
-927.093 95.4843
-591.323 -899.515
102.499 787.847
740.831 -832.408
-995.75 -618.67
227.744 -648.465
-666.381 962.052
410.802 -958.38
430.603 -371.031
485.122 705.997
475.466 105.963
-26.6724 -266.016
-592.953 447.123
-831.61 604.105
48.1328 958.198
353.415 -890.224
475.464 398.212
-450.847 -665.191
-427.711 820.697
526.404 -651.845
365.868 -900.052
-490.431 -781.238
21.2597 -119.577
-117.931 -0.93
379.966 299.821
-574.48 149.584
363.741 -326.706
-610.024 -821.347
563.539 -47.49
701.093 -306.08
-390.616 -9.9846
434.338 876.88
-226.9 -181.639
174.178 63.237
393.111 113.855
163.236 -285.759
-157.506 -175.815
769.009 899.759
-703.085 200.123
431.951 -918.303
-623.991 801.384
243.592 677.568
312.836 216.174
-334.312 682.163
63.6665 759.322
237.324 402.82
64.8948 409.557
300.173 -798.611
528.477 -958.052
275.899 -903.473
-673.712 40.3582
-678.96 -907.883
31.5969 -289
-257.061 -535.011
828.485 -180.048
737.639 -292.903
-697.264 -377.311
710.225 -292.664
-222.453 -410.168
279.086 -256.272
-784.861 791.77
489.432 -936.121
-26.6492 317.952
-770.976 -89.8122
-569.845 -458.178
371.958 -75.2321
99.4584 330.214
899.765 -853.826
468.709 -582.426
783.261 236.322
-734.744 -937.065
208.502 -711.562
-194.836 -267.8
66.0646 -767.267
-452.227 727.626
247.454 -805.08
-11.837 -856.596
842.744 -492.288
989.214 9.621
-611.535 -407.921
360.009 667.688
23.2281 -544.804
551.844 -287.567
442.404 -390.62
-562.979 -137.242
592.036 857.978
441.248 -391.75
815.159 612.707
-557.329 984.106
-34.1672 963.393
-26.5092 272.456
364.257 363.42
-865.05 401.339
856.955 -959.31
-40.7503 -125.816
688.472 49.6327
288.822 -82.14
-892.501 -54.2669
-512.188 -425.366
411.634 -473.344
459.181 -534.653
790.904 334.499
-942.933 -650.093
-248.238 -667.917
809.72 -471.813
753.786 506.185
733.863 343.812
245.171 -53.2747
-293.42 -147.144
-729.682 -552.794
326.798 -944.098
-581.14 757.409
-264.772 -935.147
-588.214 -893.213
994.465 527.696
-932.496 228.334
-918.934 -94.1922
-670.579 376.195
691.389 -416.885
-516.093 709.644
-819.56 712.56
765.819 -649.405
35.3998 821.988
-68.1545 -755.671
856.159 10.9352
836.463 -486.028
-135.722 578.104
-442.282 -219.692
-106.641 -423.374
-819.727 429.746
452.477 -25.7815
460.589 -234.69
-287.215 -340.004
-159.701 -12.1647
350.034 -729.227
-362.749 729.213
51.585 -427.318
-256.087 -108.497
-613.61 936.97
262.173 453.616
-164.115 419.245
-660.035 592.09
737.991 550.058
431.818 37.967
155.12 25.374
245.321 -579.481
-322.849 23.647
-177.077 -699.941
444.017 -368.01
-590.274 344.464
-562.11 300.296
-614.128 187.654
-30.996 -303.389
47.3309 989.695
-897.808 575.715
519.029 657.714
435.43 -301.937
859.78 -709.293
618.899 -203.429
438.503 217.701
126.195 -408.197
-393.197 -559.99
-197.142 664.457
-508.847 69.0441
947.631 -702.184
177.056 -485.94
898.069 415.131
57.5416 693.764
118.735 -305.404
143.214 867.742
466.692 -980.87
315.532 965.165
-717.432 320.652
491.171 -292.462
-720.672 -541.657
449.653 984.127
-562.042 -56.5051
-432.481 -375.914
-708.908 -513.068
-753.629 939.274
-103.702 -380.387
-63.3433 -391.118
658.804 -476.463
-802.033 -563.041
-43.4833 -123.499
646.045 -704.897
-645.78 -975.779
-159.05 -438.32
-657.191 -875.361
-728.708 274.487
-190.808 145.32
936.869 736.735
-837.296 875.734
705.663 -641.126
-873.36 -954.029
621.155 65.7817
361.169 162.702
-742.458 571.422
-611.696 20.5478
-682.482 -497.86
-595.111 -424.967
-832.776 699.65
-981.973 38.1974
-808.235 844.236
-969.518 637.368
682.986 425.663
165.185 490.242
-627.754 24.0583
161.613 56.2073
-428.435 -444.014
234.362 -799.137
-926.273 -450.696
-465.713 -328.652
646.094 -301.404
-728.396 -230.78
-861.051 -205.744
-634.783 -141.329
160.558 670.282
697.997 -538.13
-810.469 -331.01
-195.409 712.307
870.518 -373.628
464.06 -166.665
37.1987 632.058
-345.113 512.748
226.408 256.199
232.777 -900.051
-958.005 701.915
-531.48 646.707
-614.863 -944.956
433.936 -100.97
-977.354 476.815
-379.296 -183.541
423.464 436.034
-770.957 126.274
-516.801 279.89
247.881 -243.867
151.018 -447.255
344.961 117.522
253.205 194.015
483.825 673.063
-359.563 -557.09
70.1227 304.674
-807.49 -898.763
-497.8 -868.775
824.025 170.932
371.726 523.174
714.95 100.067
659.019 -956.786
357.212 138.208
84.5056 172.188
-220.455 -704.554
868.136 -882.068
-324.842 120.375
-597.627 408.716
305.504 357.191
-594.626 157.363
-42.6307 374.611
627.019 880.881
586.145 519.989
-375.025 236.987
930.036 -198.971
161.726 734.866
-758.023 801.198
590.232 -369.576
-567.165 220.07
-282.953 -570.509
78.2165 74.274
-334.67 469.708
830.993 352.161
-148.068 991.567
-784.112 -152.168
442.028 -635.016
-46.1584 345.919
767.187 -374.41
-660.399 -33.6665
-769.967 738.36
-919.444 -785.95
340.273 866.488
-369.419 917.95
-892.953 -304.032
-610.159 -211.67
682.434 -164.18
-208.984 -784.919
-817.613 -360.191
517.672 -243.746
-444.675 400.086
73.6042 536.4
-695.283 -500.619
-624.891 -348.408
571.453 896.796
426.515 1001.29
-889.904 91.6892
968.826 772.257
429.808 398.174
-295.995 -30.7687
-122.222 -915.606
-366.846 647.297
-360.464 -850.948
-277.831 402.34
329.668 -413.533
-103.448 -835.774
-843.661 828.532
-45.8385 168.77
328.937 -357.65
-378.047 344.534
-801.744 -435.44
830.484 -746.687
-10.1315 -290.377
882.85 773.791
699.876 -698.753
295.059 875.696
962.985 -552.25
676.909 -379.301
-298.382 -185.972
-218.223 -180.43
402.17 986.247
251.088 -84.123
-696.175 -52.3024
-131.957 -630.757
-136.894 -610.365
833.663 608.992
-428.535 337.986
548.137 -460.647
-3.4082 291.602
875.829 -486.965
570.12 -486.469
-170.862 -114.925
-95.2081 -607.804
-240.118 -869.72
231.631 66.553
-513.077 537.788
-708.748 639.455
-964.28 426.739
-554.084 -966.764
-253.66 667.991
-287.627 -103.907
-405.524 -721.712
-183.236 -62.2197
-581.863 -551.74
-799.404 794.154
-35.2733 -383.703
972.014 831.536
-498.555 -340.245
106.598 -672.88
-168.167 -284.374
-341.478 520.514
374.425 -117.053
987.495 -973.335
-956.636 -143.801
-432.741 360.255
355.934 -720.975
-18.0759 947.917
138.508 277.409
476.081 -196.172
644.228 602.788
709.359 -768.151
-396.894 784.164
754.406 -463.859
-122.404 -608.873
407.772 611.704
-752.948 -944.6
-498.125 -925.093
-567.028 192.571
-338.694 787.394
268.857 285.448
-552.769 -359.974
-939.769 153.086
-618.365 989.647
257.968 715.038
388.853 -445.567
-23.7416 113.381
95.4258 -372.937
-91.2133 19.5725
983.249 695.038
-906.957 832.899
251.918 -26.5515
613.721 411.245
313.044 311.224
-120.759 -968.837
-933.918 155.472
667.395 -758.884
-352.897 -229.919
-764.717 -267.128
293.639 -583.401
-627.624 786.062
535.268 -862.545
-251.089 515.812
-927.495 57.5693
207.062 -491.558
243.6 -961.92
502.49 690.011
410.856 -483.756
89.9453 -557.667
851.087 -294.531
-844.67 -871.388
-236.93 -883.185
14.0743 -707.549
722.23 573.952
-85.1657 -53.5015
2.5033 43.5376
-752.396 250.459
-969.591 -394.215
654.516 -172.25
-239.477 -761.055
-151.531 -155.094
-257.062 -576.934
-58.6728 -486.324
102.704 820.979
387.723 98.1852
-394.486 379.331
813.201 -725.469
379.68 -511.481
809.36 -893.669
535.255 656.183
469.956 893.481
-836.754 -201.302
774.848 715.718
657.188 -334.103
-49.8288 -134.457
662.469 628.283
286.461 44.6621
-744.448 -214.035
-280.902 454.824
538.042 385.217
586.079 535.459
-901.021 654.912
-355.799 -285.194
-261.412 326.194
-276.469 852.432
-341.729 -97.4101
-752.765 633.214
-194.478 148.438
-14.1886 -335.839
92.0848 99.9804
584.392 625.902
427.031 -76.1988
-385.894 964.43
-859.567 -667.871
-123.582 522.374
821.358 954.794
-715.237 137.83
-849.85 -92.7003
-129.194 230.554
146.834 -112.933
-962.437 427.536
-445.065 -89.5749
25.8305 54.554
-596.676 415.298
430.825 805.059
-433.298 -226.759
118.302 -551.097
-63.7409 -256.079
312.409 -268.904
516.885 -79.5043
571.953 -310.431
-598.716 340.815
-430.235 257.428
-866.236 -562.645
-272.125 -704.41
133.117 150.81
-829.77 -16.7445
292.503 -726.14
396.12 -323.671
-642.642 -564.014
859.086 -133.401
74.3324 140.597
80.7657 -755.255
1.3655 -826.253
-889.888 925.552
-305.691 -253.245
-637.817 840.436
414.364 863.712
505.138 -94.8962
326.541 -509.835
-188.44 243.778
911.622 -702.374
-11.3446 -322.781
623.937 752.985
768.438 -836.613
216.855 139.878
-306.944 -640.127
-377.688 -78.7898
-375.17 467.19
-666.687 -408.382
-34.0315 373.351
-271.932 -800.265
-350.703 586.594
-802.015 -813.529
649.104 -91.3888
822.234 36.0524
840.996 311.544
245.001 -529.953
-517.235 360.878
-83.5362 956.128
-73.8701 -393.127
-344.262 -175.127
184.743 -420.008
623.245 703.605
484.842 -920.863
-152.4 -131.184
381.012 -670.07
431.549 995.26
534.979 -426.091
-739.122 -445.085
980.213 996.295
626.882 294.048
-209.658 -835.469
-724.096 353.375
-531.438 686.508
304.122 -788.388
495.788 470.731
878.546 218.441
20.8518 -647.051
-847.538 500.554
-125.734 -971.111
-854.769 625.704
-358.371 411.156
-263.971 -230.34
-730.742 456.158
956.327 -59.0861
728.019 412.794
764.157 -632.543
-996.847 904.465
-307.21 -947.905
-342.593 -412.48
365.345 584.444
237.568 493.197
741.136 10.72
504.179 816.606
524.097 -602.014
-59.7408 167.366
-995.969 490.046
416.849 980.955
220.62 246.033
818.479 413.003
333.84 -142.183
-292.444 713.022
397.278 -975.396
-238.548 766.315
259.221 -277.035
180.987 -483.013
-799.508 -262.949
